10241 1
10243 1
10245 2
16390 1
10247 1
12297 0
13655 0
10257 3
12307 0
11825 0
15481 1
12314 0
12315 1
10268 2
10272 1
12321 1
12323 2
12324 0
12294 1
10278 1
10279 2
15344 0
15708 1
16428 1
16429 0
12335 2
12339 3
12638 1
12343 2
16441 0
10298 1
10299 3
12348 1
11274 2
10304 2
14255 0
16454 0
12641 1
15843 1
10313 1
12363 1
14412 0
12365 2
16463 0
10322 1
13667 0
10324 0
15374 2
12375 1
14424 0
10329 1
10333 2
14430 0
16479 0
11280 1
14435 0
10562 1
12389 2
12390 1
12391 2
12392 0
12394 0
16743 0
10348 0
12397 2
12944 0
16744 0
12402 3
14457 2
12412 1
16746 0
10039 0
16515 0
10372 2
14470 2
10945 0
16520 0
14474 1
14475 1
10380 0
14477 1
16527 0
10385 0
12436 0
14485 2
14487 2
14488 1
12441 2
14492 3
10397 3
16543 0
12448 2
10543 0
12451 3
10405 1
12455 1
10408 2
10409 1
14706 0
10414 1
13341 1
14512 2
14736 0
10419 0
12622 0
10423 3
14520 2
14524 3
12478 3
10431 2
12320 1
10434 2
13003 1
12484 0
14533 1
14534 1
16584 0
14028 1
14539 2
12492 2
12494 1
14543 2
10275 2
12214 1
14553 0
16603 0
10460 0
14557 0
12511 2
10466 3
10469 2
12519 2
11669 0
14716 2
14570 3
12523 2
14572 1
14574 2
13693 1
14576 3
12965 1
14582 2
10783 1
16634 0
14588 2
10965 1
12544 2
16643 0
12549 1
16647 1
12553 2
10967 1
11650 0
16654 0
12559 1
10511 0
15012 1
14944 0
14618 0
11487 1
16668 0
12574 1
12576 0
10529 3
16581 0
16091 1
14628 0
14630 0
10535 1
16680 0
14633 2
16682 0
14635 3
10540 1
12591 0
11656 0
11315 2
12598 0
10551 2
14648 1
16698 0
11058 0
14877 1
10557 1
10558 1
10559 2
14656 1
10561 2
12610 1
11659 0
16709 0
16710 0
12615 1
10569 1
16715 0
12621 1
14670 0
14672 0
10577 2
14674 2
16723 0
16724 0
10581 2
14679 3
16728 0
12633 1
16730 0
14683 3
14685 3
10590 2
16736 0
14689 2
16738 0
16739 0
14565 1
16742 0
10599 3
14696 2
12649 1
14698 2
12652 1
12653 1
14397 1
14704 2
15278 1
14709 2
14711 2
14712 1
10617 0
10620 2
14718 1
12671 1
14400 0
10627 2
12676 1
10630 1
10631 2
13055 0
13424 0
14730 3
16721 0
10640 1
14738 1
10643 1
15086 0
10647 2
14744 0
14745 2
14747 3
15153 1
10654 1
14751 0
12704 1
12705 1
12708 1
10661 2
16651 0
14761 3
10666 2
16722 0
15090 0
10670 0
12719 1
12720 1
12721 1
14771 3
10676 2
14750 0
15433 0
12728 2
13044 0
14778 0
10683 1
10685 2
14783 2
12737 1
10693 3
12743 0
14792 0
12745 1
14794 2
12769 1
14797 2
13389 0
14802 1
12755 1
14804 1
14805 1
12758 3
10713 3
10715 0
14812 0
10927 0
14814 2
12709 1
14816 1
10721 3
14819 2
12772 1
12773 0
12774 0
13246 0
10728 2
10731 2
14828 2
12370 1
12782 0
14831 3
12784 1
12785 0
10739 2
10744 2
14842 2
10747 2
10325 0
10754 2
14853 1
14447 0
12807 2
14856 1
10327 0
12815 1
10770 0
12819 2
14869 3
12822 1
10775 1
10778 0
10779 2
10781 2
11013 2
14880 1
10785 2
15793 1
10792 3
12841 1
12844 1
14893 3
14895 1
10800 3
14897 1
14898 0
12851 1
12853 2
10589 2
12855 1
14905 2
12635 1
14908 3
10815 0
10817 0
12866 1
10819 1
12868 1
10821 3
12870 0
14919 1
14922 0
12878 1
12882 1
12883 1
12884 2
10838 0
12888 2
12889 3
10615 1
12891 2
12892 3
14942 1
14943 1
12896 2
10849 2
12898 2
12899 1
12902 1
14952 2
10857 0
14955 2
14960 2
13046 0
12915 2
10868 2
12917 2
15124 1
10874 3
10687 0
14972 0
16729 0
10347 0
12932 2
10006 0
12934 0
14785 0
13115 0
14986 2
14987 1
10349 1
14992 2
12945 3
12947 0
14996 0
12951 2
12953 3
12954 3
12955 0
12956 0
10910 1
16731 0
15008 2
11376 1
15010 0
14107 3
11411 1
10917 2
10918 2
15016 3
13767 1
15020 0
10925 1
10926 2
15023 2
15024 3
11720 0
10930 2
15027 2
10933 1
12982 3
12983 0
12571 0
10938 0
12992 3
15041 2
10946 0
15043 1
15045 0
10950 1
10017 0
15048 2
15049 1
13002 2
15051 1
15138 2
15054 0
13008 0
10961 1
15061 1
10361 2
13016 1
15069 0
15070 2
13024 1
15074 2
15248 0
10980 2
13029 2
10982 0
13032 1
13034 2
15085 1
10990 2
10994 3
15091 0
10996 1
15093 0
14270 0
10999 0
15096 3
11002 0
11003 2
13052 0
14551 1
11007 1
15108 0
13061 2
13072 1
11135 0
11027 2
13076 2
13077 1
13785 0
14468 2
12079 0
11036 0
11756 0
13087 1
11041 1
11042 3
11057 3
11049 2
11050 0
11053 1
15030 0
13105 2
15154 1
13109 2
11401 1
15160 1
10030 0
11066 3
11067 2
15235 0
13117 0
15167 1
13121 1
15171 0
11076 2
13125 0
13127 2
15440 0
15177 0
13111 1
11085 1
11086 0
15713 0
13139 2
15304 3
11097 2
15236 1
16727 0
12748 1
13151 0
11106 0
15203 0
11109 3
13158 2
11111 2
14691 0
10463 0
15215 2
11122 2
11123 1
11126 2
13176 1
15919 3
13182 1
13461 1
13184 2
12779 1
11140 2
13195 0
13192 0
10732 2
11146 2
13463 0
13196 1
15245 1
11150 2
13200 1
15249 2
15250 1
13203 1
13204 3
14489 2
15257 1
13211 2
11165 0
10053 0
15446 0
13219 0
13221 1
11174 0
11176 0
10396 1
13226 0
15275 0
13230 2
14493 0
13232 3
15282 1
11188 0
13241 2
13244 3
11197 1
11198 0
15295 2
11200 1
10400 0
11203 2
13255 1
13256 2
13259 0
11214 2
13264 2
15323 2
13277 2
11230 0
11233 1
13282 2
14843 3
16741 0
11241 1
13290 2
15339 0
13292 0
11245 1
14218 1
13295 1
13296 3
13297 0
11627 0
11252 2
13303 3
11092 1
11259 3
15356 2
11267 3
15532 1
15370 3
14167 1
13826 1
11278 3
15376 3
11282 0
11283 1
15380 2
15381 1
11288 2
15385 1
11292 3
15389 2
13342 3
13344 2
10416 1
11298 3
13347 2
13348 1
12174 1
15401 2
14855 0
11308 2
15406 1
13360 2
13361 0
15411 2
15412 3
11317 1
13367 2
13369 1
15882 0
15422 0
13493 0
13377 2
15427 0
13381 1
11336 2
11337 2
11447 2
13388 2
11341 0
15885 1
11344 1
10424 0
16540 1
13397 1
13398 2
15447 0
15448 1
14863 0
15546 0
15454 2
15458 0
12134 0
13415 1
13418 1
13422 2
11375 1
15472 1
15550 0
15478 2
13433 2
13434 1
11388 0
11391 0
11392 1
11456 0
11399 2
15497 2
13450 0
14871 0
14530 0
15502 1
15504 1
14769 0
13459 2
11413 2
15511 0
13464 0
11028 1
13467 1
11421 1
11423 3
14875 1
13476 2
15525 0
11430 0
11431 0
11433 3
13484 1
13485 3
13486 2
13487 3
11441 1
13490 1
15539 0
11445 2
13495 3
11450 0
12831 1
15548 0
11453 1
13502 2
12149 1
13504 1
13505 0
15554 1
13507 0
11463 1
16588 0
11468 1
15930 0
11470 2
11471 2
13520 1
15569 1
15570 1
14542 0
11479 1
11481 2
15579 2
11484 1
15581 1
15582 1
13535 1
13536 1
13537 0
11492 1
13541 2
13579 1
13543 2
13619 0
13546 0
11503 2
15601 1
11506 0
13555 0
11510 0
15607 2
11512 1
15231 1
13564 1
11517 1
13525 0
15232 0
15618 1
11525 2
13574 0
10613 2
15624 2
13577 3
15626 2
11531 1
15628 1
11535 1
11537 2
15634 0
13587 0
11540 3
11545 1
11823 2
11550 2
13599 0
15650 0
11555 2
11559 1
15656 0
11563 2
11827 0
11577 2
14559 1
13194 2
13630 0
12388 0
11587 2
11588 2
12854 0
11592 0
14025 2
11603 2
15700 1
13198 3
12857 1
13307 1
13540 0
15706 0
15707 1
11612 2
15709 1
11615 2
11617 2
11618 3
11619 1
13685 0
11624 2
15721 1
13674 0
11495 1
13676 1
15725 1
11630 2
11633 0
13682 0
15731 0
14371 0
11637 2
11638 3
11641 2
11643 1
15741 2
11646 1
11648 2
11299 0
16567 1
12663 1
13700 0
13704 1
10476 1
15754 1
14231 2
13890 0
13710 1
11663 0
16346 1
10136 2
13714 1
13715 1
10478 1
11673 1
11675 1
10317 0
15774 0
12869 0
12187 1
11684 1
14577 0
13736 0
15785 1
11695 2
11697 3
15794 1
11699 2
15798 1
15599 0
13756 1
11711 1
11714 0
14467 0
11719 1
13768 1
11721 2
13770 1
11511 1
13772 0
11725 2
11726 1
11728 1
15825 1
15939 0
11732 0
13781 0
16553 0
13788 0
16696 0
15838 0
13689 1
15841 2
15842 0
13795 2
13796 3
15847 0
11493 0
11098 0
15853 1
13806 1
15855 2
15856 1
13809 1
11762 2
11764 2
15861 1
15862 1
15273 0
11415 0
15163 0
11775 2
16498 0
11778 2
13827 0
13829 2
13830 3
15879 0
13832 1
15881 0
14236 0
11789 1
11790 0
15887 1
13841 0
12054 0
10158 2
15897 2
13851 3
14938 0
13881 0
11813 0
13862 1
13863 1
14237 1
13865 0
16737 0
13871 3
11824 0
13873 2
10076 0
12211 1
11828 0
11870 0
14601 0
11833 2
11834 1
10267 0
13884 0
15934 1
11840 0
11367 0
11842 0
13891 3
11844 2
11845 1
13894 1
14945 2
13898 0
13899 0
13731 1
15534 0
11856 0
11859 1
11331 0
11193 3
11865 2
15057 1
11867 2
11869 2
11522 0
11871 0
15971 0
15973 0
11879 1
10172 0
13930 3
13931 3
11884 3
13933 2
13934 1
15293 1
13936 0
10216 1
13942 1
15991 2
11898 2
11899 0
13949 1
11905 2
11883 0
11908 1
13958 0
13964 2
13763 0
11885 0
11921 2
13970 2
11924 1
15982 0
14617 0
11931 1
13983 2
13984 0
11938 0
13987 1
11941 1
11947 0
12332 0
11952 1
11953 2
14004 1
14006 2
11538 0
12916 0
14013 0
14965 0
14283 0
11973 2
11975 0
14024 0
11977 2
14027 3
11980 2
11982 2
12232 0
11986 3
14627 1
15310 0
11992 1
12771 0
11994 0
11995 3
11996 3
11997 2
14046 1
16336 0
14050 1
12003 2
16101 2
14054 1
12007 2
14057 3
12583 0
12012 2
14062 1
12016 2
12018 0
16339 0
16681 0
16340 0
11961 0
12028 0
16665 0
10016 0
14081 2
14082 2
12587 0
10923 0
16133 2
12039 0
14088 1
14091 0
14092 2
15063 0
14098 2
14100 3
10005 1
14102 1
12055 1
10011 2
14108 2
14109 2
10015 0
14112 3
14113 2
11227 1
12068 0
10886 0
14119 1
14120 2
12252 0
14122 3
14125 1
12078 0
15325 0
10033 0
14130 1
14131 1
13791 0
12087 1
10040 0
10041 0
10042 1
12255 2
12094 2
16720 0
10050 0
10052 0
14646 0
14150 2
12103 0
10056 0
12599 0
12108 0
10064 0
10065 1
14695 0
12119 2
16218 2
12124 2
12127 0
12129 2
12131 1
12132 0
10085 1
14182 0
14993 0
12263 0
12141 1
13629 0
14193 3
12147 0
14197 1
12155 0
12156 2
12266 3
13771 0
16704 0
14044 0
12847 1
12171 2
12173 3
14222 2
12175 2
12177 2
14229 1
10135 2
12184 2
12185 1
14234 1
10139 1
10140 3
10141 2
12190 1
12191 3
10224 0
10146 2
12195 1
12197 3
10225 1
10154 2
10155 2
14252 2
10157 2
14254 2
12207 1
14256 2
13947 0
14259 2
10165 1
14262 3
16311 0
12217 2
10170 2
10171 0
14268 1
12222 1
12223 2
14273 1
14275 1
12228 1
10184 1
10185 2
14282 1
12235 1
14288 1
13501 0
10194 1
15011 0
12244 2
12245 1
10198 1
14295 0
16345 1
12250 2
10204 1
12253 1
14303 2
10208 2
16353 0
14306 2
14307 3
12206 2
12264 3
12265 2
14314 2
16363 0
12268 1
10221 1
11702 0
14320 0
14321 3
12278 3
12280 2
14332 0
10237 1
16725 1
