0 2
1 2
2 2
3 2
4 2
5 2
6 2
7 2
8 1
9 2
10 2
11 0
12 0
13 1
14 0
15 2
16 0
17 0
18 1
19 1
20 0
21 2
22 1
23 1
24 2
25 2
26 1
27 2
28 2
29 1
30 2
31 2
32 1
33 1
34 1
35 0
36 2
37 1
38 1
39 1
40 1
41 2
42 1
43 1
44 0
45 1
46 1
47 1
48 1
49 1
50 2
51 2
52 1
53 2
54 1
55 1
56 1
57 1
58 2
59 1
60 1
61 2
62 1
63 1
64 2
65 1
66 1
67 1
68 1
69 2
70 1
71 2
72 1
73 0
74 2
75 1
76 1
77 2
78 1
79 2
80 1
81 1
82 1
83 1
84 1
85 1
86 1
87 1
88 1
89 1
90 1
91 1
92 1
93 1
94 1
95 1
96 1
97 1
98 1
99 1
100 1
101 1
102 1
103 1
104 1
105 1
106 1
107 0
108 1
109 1
110 1
111 0
112 0
113 1
114 0
115 0
116 0
117 0
118 0
119 1
120 1
121 1
122 1
123 1
124 1
125 1
126 1
127 1
128 0
129 0
130 1
