126 1
4 3
45 3
46 2
127 0
50 2
128 0
34 2
129 2
6 3
21 3
7 2
8 3
9 3
130 2
10 3
29 2
131 2
22 3
56 3
60 2
38 3
67 2
23 3
70 3
132 2
72 3
75 2
133 2
39 3
134 2
135 1
41 3
26 3
136 2
79 3
27 3
104 2
105 3
33 2
137 1
5 3
49 2
11 3
30 2
52 2
53 3
35 3
54 3
87 2
138 2
36 3
61 3
94 2
63 2
31 2
65 3
69 2
24 2
74 2
19 3
40 3
80 3
20 3
81 1
82 2
55 3
83 3
47 3
12 2
32 2
84 2
13 2
15 3
16 2
85 1
86 2
18 3
88 2
89 2
57 2
90 2
58 3
91 2
92 2
93 2
62 3
95 2
64 2
96 2
97 2
66 2
98 2
99 2
73 3
100 2
76 2
101 3
102 2
78 3
43 2
103 2
106 3
3 2
14 2
17 2
107 1
108 1
109 1
110 2
111 1
112 1
113 1
114 2
115 1
116 1
117 2
118 2
119 2
71 2
120 2
121 2
122 1
123 0
124 0
125 2
68 2
51 2
148 1
161 1
59 2
195 2
244 2
163 2
182 2
142 2
246 1
143 2
292 2
243 2
152 1
44 2
175 2
390 2
310 2
153 2
391 1
147 2
155 2
146 2
192 1
248 2
254 1
42 0
37 3
233 1
239 1
166 2
190 1
169 2
172 2
173 2
174 2
197 1
276 1
159 2
200 1
167 2
204 1
335 1
187 2
189 1
336 0
207 1
160 1
273 1
284 1
141 2
392 1
1 2
162 2
228 2
236 1
151 2
231 2
283 0
286 1
191 2
165 2
183 2
178 2
179 2
184 2
168 2
170 2
208 1
145 1
25 2
393 0
249 2
140 2
171 2
247 1
311 1
253 0
309 1
213 1
333 1
394 1
395 2
396 0
397 1
398 1
154 2
196 0
211 1
206 0
337 0
0 1
28 1
2 1
177 1
149 1
222 0
242 2
181 1
255 0
198 1
193 1
274 0
278 2
288 0
294 1
201 1
299 2
194 2
185 2
186 1
305 1
325 1
334 1
139 2
156 0
77 3
157 1
158 2
164 0
176 1
180 1
188 1
199 1
202 2
203 1
205 1
209 0
210 1
212 1
300 1
301 0
302 1
303 1
304 0
306 1
307 1
338 0
339 0
340 1
341 0
342 0
298 1
240 2
241 2
245 1
250 0
251 1
252 1
256 1
257 1
269 0
259 0
260 1
261 1
262 0
263 1
264 1
237 2
265 1
266 1
267 1
268 0
258 0
343 1
344 1
345 1
346 1
347 1
348 1
349 2
350 1
351 1
352 0
353 1
270 1
271 1
272 2
275 1
277 1
279 1
280 2
281 1
282 1
285 2
287 0
289 0
290 2
291 2
293 1
295 1
296 0
144 1
297 1
214 2
215 2
216 1
217 1
218 1
219 0
220 1
221 2
308 2
327 1
223 1
224 1
225 1
226 1
227 1
229 1
230 1
232 0
234 0
235 1
150 0
238 1
48 0
313 1
312 1
314 2
315 0
316 1
317 1
318 2
319 1
320 1
321 1
322 1
323 1
324 0
326 1
329 0
328 0
330 0
331 1
332 1
354 2
355 2
362 1
357 1
358 1
359 1
370 1
361 2
364 1
363 2
356 1
365 2
366 2
367 1
368 1
369 1
371 1
374 1
383 1
372 1
360 2
375 2
376 2
377 1
378 2
379 1
380 1
381 0
382 0
387 1
384 1
385 0
386 1
373 1
388 0
389 1
