0 20
1 8
2 1
3 10
4 13
5 3
6 15
7 10
8 1
9 8
10 1
11 9
12 8
13 3
14 14
15 16
16 11
17 13
18 11
19 13
20 1
21 6
22 12
23 5
24 10
25 10
26 8
27 1
28 20
29 11
30 20
31 1
32 3
33 16
34 4
35 15
36 11
37 10
38 17
39 1
40 15
41 2
42 15
43 10
44 3
45 20
46 10
47 5
48 1
49 13
50 2
51 15
52 16
53 8
54 11
55 7
56 8
57 10
58 16
59 5
60 19
61 12
62 5
63 1
64 17
65 1
66 16
67 11
68 9
69 20
70 2
71 8
72 7
73 2
74 14
75 16
76 20
77 7
78 2
79 16
80 17
81 10
82 1
83 16
84 7
85 4
86 10
87 12
88 11
89 19
90 5
91 16
92 1
93 1
94 9
95 11
96 14
97 7
98 7
99 12
100 8
101 7
102 15
103 10
104 7
105 13
106 19
107 1
108 2
109 20
110 15
111 11
112 20
113 3
114 11
115 8
116 5
117 17
118 10
119 9
120 12
121 16
122 13
123 10
124 7
125 8
126 2
127 8
128 17
129 9
130 7
131 19
132 17
133 8
134 16
135 11
136 17
137 7
138 14
139 15
140 10
141 1
142 20
143 1
144 8
145 11
146 10
147 20
148 6
149 4
150 15
151 1
152 2
153 10
154 17
155 16
156 16
157 1
158 16
159 11
160 2
161 16
162 12
163 8
164 15
165 11
166 8
167 16
168 8
169 12
170 17
171 1
172 6
173 12
174 11
175 8
176 16
177 1
178 20
179 8
180 13
181 16
182 7
183 1
184 19
185 12
186 17
187 1
188 16
189 12
190 4
191 6
192 11
193 13
194 7
195 17
196 2
197 16
198 11
199 1
200 16
201 16
202 16
203 15
204 11
205 17
206 13
207 10
208 2
209 4
210 15
211 20
212 17
213 12
214 5
215 12
216 1
217 15
218 8
219 8
220 19
221 17
222 9
223 16
224 20
225 7
226 11
227 1
228 3
229 6
230 1
231 20
232 7
233 2
234 11
235 12
236 10
237 8
238 8
239 3
240 2
241 8
242 2
243 17
244 9
245 9
246 19
247 7
248 1
249 11
250 6
251 7
252 17
253 20
254 8
255 11
256 8
257 8
258 2
259 12
260 10
261 2
262 20
263 20
264 10
265 5
266 12
267 15
268 2
269 19
270 2
271 1
272 7
273 10
274 4
275 1
276 1
277 16
278 8
279 12
280 19
281 20
282 7
283 12
284 20
285 5
286 20
287 4
288 7
289 16
290 8
291 17
292 17
293 10
294 1
295 17
296 2
297 2
298 8
299 16
300 7
301 20
302 8
303 12
304 15
305 8
306 16
307 1
308 14
309 7
310 8
311 16
312 20
313 20
314 8
315 16
316 12
317 12
318 8
319 8
320 10
321 11
322 2
323 3
324 2
325 5
326 10
327 8
328 10
329 5
330 8
331 2
332 1
333 19
334 2
335 6
336 20
337 9
338 17
339 2
340 6
341 1
342 1
343 1
344 9
345 13
346 20
347 1
348 1
349 10
350 2
351 19
352 2
353 1
354 2
355 20
356 16
357 2
358 9
359 13
360 20
361 7
362 1
363 1
364 10
365 11
366 20
367 15
368 1
369 1
370 1
371 8
372 3
373 17
374 14
375 16
376 17
377 18
378 2
379 20
380 4
381 18
382 1
383 7
384 11
385 1
386 12
387 12
388 10
389 3
390 8
391 14
392 11
393 10
394 17
395 12
396 8
397 6
398 20
399 7
400 12
401 12
402 10
403 13
404 11
405 17
406 8
407 3
408 12
409 10
410 17
411 3
412 20
413 10
414 12
415 20
416 2
417 1
418 10
419 14
420 17
421 11
422 12
423 11
424 18
425 11
426 8
427 6
428 14
429 20
430 20
431 7
432 4
433 15
434 12
435 19
436 9
437 10
438 6
439 13
440 2
441 11
442 10
443 5
444 15
445 19
446 11
447 10
448 4
449 1
450 16
451 4
452 7
453 8
454 14
455 1
456 20
457 20
458 8
459 12
460 6
461 6
462 17
463 2
464 11
465 3
466 3
467 1
468 13
469 12
470 10
471 11
472 17
473 18
474 12
475 4
476 12
477 8
478 20
479 11
480 20
481 20
482 10
483 16
484 8
485 14
486 1
487 2
488 8
489 12
490 8
491 10
492 3
493 12
494 12
495 7
496 11
497 8
498 12
499 14
500 20
501 20
502 7
503 6
504 15
505 11
506 10
507 19
508 20
509 4
510 8
511 20
512 7
513 3
514 2
515 10
516 10
517 11
518 20
519 17
520 20
521 17
522 1
523 7
524 1
525 7
526 11
527 10
528 2
529 9
530 6
531 4
532 11
533 20
534 7
535 17
536 8
537 16
538 1
539 17
540 7
541 4
542 4
543 8
544 4
545 8
546 10
547 12
548 4
549 5
550 7
551 20
552 8
553 16
554 13
555 14
556 16
557 3
558 9
559 7
560 16
561 17
562 13
563 12
564 10
565 12
566 10
567 11
568 7
569 1
570 7
571 14
572 1
573 12
574 4
575 20
576 20
577 1
578 20
579 1
580 3
581 13
582 10
583 4
584 4
585 10
586 16
587 1
588 7
589 7
590 11
591 11
592 1
593 2
594 6
595 9
596 4
597 11
598 7
599 1
600 13
601 7
602 12
603 20
604 13
605 8
606 8
607 15
608 4
609 20
610 12
611 4
612 13
613 12
614 2
615 2
616 14
617 16
618 14
619 9
620 12
621 11
622 2
623 14
624 19
625 2
626 15
627 15
628 1
629 7
630 8
631 1
632 15
633 1
634 10
635 8
636 1
637 20
638 1
639 20
640 11
641 1
642 3
643 4
644 7
645 8
646 12
647 7
648 7
649 17
650 12
651 11
652 16
653 20
654 16
655 4
656 20
657 12
658 4
659 6
660 10
661 1
662 9
663 20
664 7
665 1
666 4
667 12
668 2
669 13
670 1
671 1
672 17
673 1
674 14
675 14
676 3
677 17
678 2
679 17
680 8
681 16
682 1
683 1
684 8
685 17
686 10
687 12
688 7
689 8
690 17
691 1
692 7
693 16
694 16
695 9
696 2
697 16
698 16
699 16
700 7
701 17
702 8
703 10
704 11
705 1
706 8
707 15
708 2
709 1
710 16
711 1
712 13
713 1
714 9
715 1
716 8
717 15
718 14
719 8
720 4
721 9
722 1
723 2
724 6
725 17
726 6
727 10
728 13
729 3
730 10
731 5
732 8
733 10
734 17
735 11
736 4
737 10
738 4
739 14
740 1
741 7
742 1
743 2
744 7
745 1
746 2
747 11
748 9
749 9
750 6
751 11
752 1
753 15
754 2
755 10
756 17
757 8
758 16
759 2
760 10
761 1
762 15
763 1
764 17
765 4
766 5
767 16
768 12
769 6
770 11
771 1
772 17
773 6
774 2
775 14
776 2
777 14
778 12
779 1
780 4
781 20
782 12
783 20
784 8
785 12
786 1
787 20
788 20
789 1
790 1
791 20
792 16
793 20
794 1
795 13
796 11
797 12
798 6
799 14
800 10
801 4
802 4
803 10
804 20
805 17
806 3
807 1
808 7
809 12
810 8
811 17
812 3
813 1
814 1
815 13
816 8
817 7
818 11
819 10
820 8
821 13
822 5
823 12
824 11
825 17
826 5
827 13
828 16
829 7
830 15
831 1
832 7
833 20
834 8
835 16
836 4
837 10
838 15
839 1
840 14
841 1
842 7
843 3
844 10
845 12
846 9
847 17
848 4
849 16
850 10
851 4
852 6
853 1
854 17
855 6
856 3
857 17
858 2
859 4
860 3
861 5
862 3
863 8
864 12
865 2
866 1
867 10
868 2
869 1
870 10
871 4
872 10
873 17
874 1
875 15
876 11
877 13
878 12
879 12
880 12
881 4
882 14
883 20
884 1
885 17
886 14
887 16
888 16
889 3
890 10
891 12
892 19
893 17
894 6
895 13
896 7
897 11
898 10
899 20
900 20
901 20
902 11
903 11
904 1
905 6
906 13
907 9
908 1
909 1
910 2
911 7
912 2
913 2
914 20
915 8
916 14
917 1
918 2
919 3
920 2
921 16
922 9
923 14
924 3
925 8
926 10
927 5
928 5
929 10
930 17
931 1
932 10
933 10
934 8
935 10
936 20
937 15
938 17
939 3
940 2
941 9
942 1
943 20
944 1
945 11
946 8
947 4
948 3
949 10
950 11
951 7
952 12
953 11
954 9
955 1
956 10
957 11
958 12
959 17
960 10
961 18
962 5
963 7
964 1
965 13
966 6
967 1
968 1
969 6
970 20
971 17
972 20
973 6
974 12
975 1
976 20
977 4
978 1
979 20
980 7
981 9
982 20
983 11
984 13
985 17
986 17
987 17
988 10
989 20
990 20
991 12
992 4
993 15
994 12
995 11
996 6
997 1
998 13
999 12
1000 8
1001 7
1002 12
1003 3
1004 10
1005 10
1006 4
1007 8
1008 1
1009 8
1010 20
1011 9
1012 6
1013 2
1014 2
1015 12
1016 1
1017 1
1018 4
1019 20
1020 9
1021 20
1022 10
1023 11
1024 2
1025 20
1026 3
1027 7
1028 10
1029 15
1030 8
1031 16
1032 2
1033 17
1034 17
1035 1
1036 12
1037 20
1038 7
1039 14
1040 17
1041 17
1042 16
1043 10
1044 12
1045 7
1046 1
1047 7
1048 11
1049 1
1050 2
1051 1
1052 14
1053 11
1054 17
1055 9
1056 16
1057 2
1058 16
1059 10
1060 15
1061 8
1062 1
1063 1
1064 1
1065 7
1066 2
1067 2
1068 15
1069 1
1070 16
1071 4
1072 7
1073 9
1074 8
1075 14
1076 14
1077 2
1078 12
1079 8
1080 19
1081 4
1082 3
1083 1
1084 13
1085 7
1086 15
1087 2
1088 13
1089 12
1090 1
1091 7
1092 20
1093 12
1094 8
1095 20
1096 4
1097 9
1098 13
1099 2
1100 13
1101 7
1102 5
1103 11
1104 8
1105 1
1106 20
1107 1
1108 1
1109 1
1110 11
1111 8
1112 8
1113 12
1114 3
1115 12
1116 16
1117 1
1118 10
1119 20
1120 12
1121 1
1122 7
1123 8
1124 12
1125 8
1126 20
1127 12
1128 8
1129 12
1130 13
1131 10
1132 16
1133 17
1134 11
1135 7
1136 13
1137 7
1138 12
1139 2
1140 12
1141 12
1142 12
1143 14
1144 4
1145 7
1146 14
1147 20
1148 8
1149 11
1150 7
1151 17
1152 7
1153 9
1154 8
1155 8
1156 11
1157 20
1158 7
1159 6
1160 13
1161 1
1162 8
1163 16
1164 7
1165 1
1166 20
1167 8
1168 13
1169 11
1170 4
1171 3
1172 1
1173 11
1174 5
1175 16
1176 20
1177 1
1178 15
1179 10
1180 14
1181 10
1182 16
1183 12
1184 8
1185 14
1186 10
1187 16
1188 11
1189 4
1190 1
1191 20
1192 11
1193 14
1194 20
1195 7
1196 7
1197 10
1198 12
1199 4
1200 4
1201 20
1202 12
1203 8
1204 15
1205 19
1206 12
1207 2
1208 20
1209 15
1210 1
1211 10
1212 16
1213 11
1214 1
1215 12
1216 5
1217 11
1218 9
1219 13
1220 14
1221 7
1222 12
1223 3
1224 17
1225 2
1226 10
1227 20
1228 17
1229 20
1230 16
1231 5
1232 11
1233 13
1234 9
1235 6
1236 12
1237 13
1238 14
1239 1
1240 11
1241 3
1242 20
1243 11
1244 1
1245 1
1246 4
1247 8
1248 1
1249 8
1250 4
1251 12
1252 20
1253 12
1254 15
1255 20
1256 7
1257 4
1258 1
1259 11
1260 20
1261 4
1262 16
1263 12
1264 11
1265 7
1266 20
1267 1
1268 1
1269 8
1270 13
1271 13
1272 1
1273 14
1274 12
1275 9
1276 1
1277 13
1278 11
1279 20
1280 15
1281 1
1282 17
1283 13
1284 2
1285 1
1286 20
1287 1
1288 4
1289 9
1290 20
1291 12
1292 1
1293 20
1294 10
1295 14
1296 13
1297 16
1298 16
1299 8
1300 12
1301 2
1302 16
1303 17
1304 12
1305 7
1306 17
1307 16
1308 8
1309 3
1310 19
1311 13
1312 1
1313 12
1314 18
1315 20
1316 7
1317 14
1318 16
1319 3
1320 14
1321 4
1322 3
1323 10
1324 11
1325 13
1326 11
1327 5
1328 13
1329 8
1330 10
1331 12
1332 15
1333 10
1334 1
1335 17
1336 6
1337 20
1338 2
1339 20
1340 11
1341 10
1342 8
1343 4
1344 17
1345 12
1346 12
1347 8
1348 1
1349 5
1350 8
1351 20
1352 4
1353 1
1354 11
1355 8
1356 7
1357 11
1358 14
1359 4
1360 11
1361 7
1362 10
1363 9
1364 2
1365 11
1366 8
1367 4
1368 3
1369 7
1370 10
1371 10
1372 15
1373 10
1374 17
1375 1
1376 5
1377 10
1378 13
1379 12
1380 14
1381 17
1382 16
1383 8
1384 16
1385 17
1386 12
1387 5
1388 4
1389 2
1390 14
1391 2
1392 20
1393 8
1394 7
1395 2
1396 15
1397 2
1398 1
1399 14
1400 9
1401 11
1402 13
1403 7
1404 2
1405 1
1406 16
1407 17
1408 11
1409 7
1410 16
1411 12
1412 7
1413 19
1414 3
1415 20
1416 11
1417 14
1418 12
1419 16
1420 10
1421 10
1422 7
1423 20
1424 1
1425 14
1426 4
1427 10
1428 11
1429 10
1430 13
1431 1
1432 16
1433 16
1434 9
1435 16
1436 16
1437 2
1438 20
1439 15
1440 15
1441 20
1442 8
1443 15
1444 2
1445 1
1446 16
1447 8
1448 1
1449 19
1450 9
1451 4
1452 10
1453 8
1454 13
1455 11
1456 7
1457 1
1458 11
1459 1
1460 12
1461 8
1462 5
1463 3
1464 2
1465 1
1466 17
1467 14
1468 1
1469 20
1470 14
1471 8
1472 13
1473 10
1474 16
1475 12
1476 1
1477 11
1478 10
1479 10
1480 20
1481 20
1482 7
1483 17
1484 16
1485 8
1486 7
1487 16
1488 16
1489 1
1490 2
1491 16
1492 9
1493 16
1494 16
1495 2
1496 1
1497 10
1498 13
1499 6
1500 20
1501 14
1502 11
1503 1
1504 15
1505 20
1506 9
1507 8
1508 7
1509 20
1510 2
1511 14
1512 2
1513 10
1514 2
1515 8
1516 10
1517 1
1518 10
1519 11
1520 4
1521 1
1522 20
1523 20
1524 20
1525 1
1526 1
1527 20
1528 17
1529 5
1530 20
1531 2
1532 2
1533 14
1534 5
1535 11
1536 10
1537 1
1538 2
1539 2
1540 9
1541 6
1542 1
1543 16
1544 8
1545 20
1546 11
1547 19
1548 20
1549 7
1550 3
1551 8
1552 12
1553 20
1554 1
1555 10
1556 8
1557 4
1558 17
1559 4
1560 20
1561 6
1562 8
1563 1
1564 11
1565 16
1566 2
1567 11
1568 20
1569 7
1570 1
1571 6
1572 13
1573 4
1574 2
1575 20
1576 4
1577 11
1578 1
1579 7
1580 9
1581 2
1582 11
1583 3
1584 10
1585 20
1586 1
1587 1
1588 20
1589 20
1590 4
1591 4
1592 8
1593 12
1594 8
1595 1
1596 8
1597 4
1598 8
1599 16
1600 10
1601 7
1602 1
1603 8
1604 20
1605 11
1606 16
1607 1
1608 10
1609 17
1610 8
1611 8
1612 11
1613 11
1614 17
1615 17
1616 17
1617 17
1618 7
1619 1
1620 11
1621 2
1622 20
1623 16
1624 8
1625 2
1626 7
1627 17
1628 16
1629 9
1630 1
1631 16
1632 4
1633 7
1634 12
1635 20
1636 15
1637 10
1638 20
1639 11
1640 19
1641 15
1642 13
1643 1
1644 8
1645 11
1646 13
1647 7
1648 13
1649 16
1650 15
1651 7
1652 12
1653 20
1654 11
1655 11
1656 19
1657 4
1658 20
1659 2
1660 19
1661 15
1662 1
1663 16
1664 15
1665 10
1666 2
1667 9
1668 12
1669 14
1670 2
1671 14
1672 8
1673 17
1674 16
1675 10
1676 8
1677 12
1678 13
1679 20
1680 7
1681 1
1682 15
1683 15
1684 20
1685 15
1686 16
1687 8
1688 2
1689 2
1690 8
1691 11
1692 8
1693 4
1694 20
1695 17
1696 20
1697 11
1698 15
1699 1
1700 8
1701 7
1702 20
1703 12
1704 1
1705 4
1706 20
1707 18
1708 7
1709 1
1710 11
1711 4
1712 6
1713 16
1714 10
1715 17
1716 8
1717 14
1718 17
1719 17
1720 8
1721 17
1722 3
1723 11
1724 14
1725 4
1726 3
1727 1
1728 20
1729 16
1730 11
1731 20
1732 4
1733 11
1734 7
1735 7
1736 8
1737 4
1738 1
1739 8
1740 2
1741 7
1742 20
1743 10
1744 12
1745 13
1746 1
1747 10
1748 7
1749 17
1750 7
1751 9
1752 9
1753 19
1754 16
1755 20
1756 13
1757 7
1758 1
1759 15
1760 7
1761 12
1762 4
1763 10
1764 13
1765 8
1766 13
1767 10
1768 3
1769 20
1770 14
1771 20
1772 16
1773 6
1774 8
1775 9
1776 19
1777 11
1778 6
1779 1
1780 16
1781 13
1782 12
1783 4
1784 8
1785 1
1786 15
1787 4
1788 16
1789 1
1790 5
1791 2
1792 17
1793 17
1794 15
1795 7
1796 2
1797 6
1798 20
1799 20
1800 17
1801 16
1802 19
1803 20
1804 10
1805 13
1806 1
1807 3
1808 17
1809 8
1810 2
1811 5
1812 10
1813 11
1814 8
1815 2
1816 12
1817 20
1818 14
1819 16
1820 1
1821 7
1822 16
1823 17
1824 19
1825 14
1826 6
1827 18
1828 3
1829 19
1830 1
1831 8
1832 18
1833 2
1834 4
1835 6
1836 11
1837 10
1838 1
1839 8
1840 1
1841 15
1842 13
1843 20
1844 12
1845 1
1846 10
1847 4
1848 8
1849 16
1850 8
1851 7
1852 3
1853 12
1854 8
1855 20
1856 10
1857 13
1858 3
1859 8
1860 10
1861 12
1862 5
1863 1
1864 11
1865 12
1866 7
1867 11
1868 7
1869 14
1870 11
1871 1
1872 14
1873 7
1874 6
1875 20
1876 4
1877 8
1878 10
1879 11
1880 19
1881 16
1882 17
1883 18
1884 10
1885 11
1886 14
1887 4
1888 13
1889 1
1890 1
1891 8
1892 3
1893 1
1894 1
1895 13
1896 1
1897 7
1898 8
1899 7
1900 17
1901 12
1902 16
1903 11
1904 3
1905 2
1906 20
1907 4
1908 4
1909 8
1910 5
1911 3
1912 2
1913 10
1914 2
1915 5
1916 8
1917 1
1918 12
1919 20
1920 7
1921 12
1922 8
1923 16
1924 11
1925 11
1926 20
1927 1
1928 3
1929 3
1930 13
1931 3
1932 1
1933 20
1934 8
1935 8
1936 13
1937 7
1938 10
1939 7
1940 6
1941 11
1942 2
1943 1
1944 1
1945 9
1946 4
1947 1
1948 16
1949 1
1950 20
1951 10
1952 16
1953 12
1954 8
1955 11
1956 8
1957 13
1958 18
1959 2
1960 8
1961 16
1962 12
1963 15
1964 13
1965 12
1966 4
1967 10
1968 20
1969 20
1970 12
1971 2
1972 4
1973 8
1974 14
1975 7
1976 2
1977 20
1978 10
1979 8
1980 1
1981 16
1982 7
1983 12
1984 10
1985 4
1986 14
1987 12
1988 6
1989 11
1990 8
1991 4
1992 10
1993 12
1994 13
1995 16
1996 8
1997 1
1998 11
1999 15
2000 20
2001 12
2002 6
2003 20
2004 20
2005 7
2006 5
2007 11
2008 17
2009 5
2010 12
2011 2
2012 20
2013 3
2014 20
2015 20
2016 1
2017 20
2018 4
2019 15
2020 8
2021 1
2022 2
2023 16
2024 9
2025 6
2026 20
2027 2
2028 17
2029 10
2030 12
2031 10
2032 2
2033 8
2034 11
2035 11
2036 1
2037 7
2038 7
2039 20
2040 11
2041 19
2042 1
2043 8
2044 7
2045 10
2046 17
2047 18
2048 1
2049 7
2050 4
2051 3
2052 7
2053 10
2054 11
2055 12
2056 11
2057 7
2058 3
2059 4
2060 10
2061 14
2062 4
2063 3
2064 9
2065 2
2066 12
2067 8
2068 17
2069 1
2070 8
2071 13
2072 13
2073 1
2074 7
2075 13
2076 7
2077 12
2078 5
2079 16
2080 12
2081 8
2082 12
2083 15
2084 1
2085 8
2086 14
2087 7
2088 11
2089 7
2090 3
2091 16
2092 14
2093 13
2094 1
2095 12
2096 8
2097 8
2098 2
2099 11
2100 4
2101 8
2102 17
2103 1
2104 10
2105 2
2106 19
2107 2
2108 11
2109 4
2110 12
2111 10
2112 3
2113 8
2114 11
2115 17
2116 17
2117 15
2118 8
2119 13
2120 4
2121 3
2122 11
2123 1
2124 19
2125 13
2126 12
2127 11
2128 2
2129 5
2130 20
2131 11
2132 15
2133 19
2134 8
2135 4
2136 16
2137 5
2138 4
2139 4
2140 7
2141 3
2142 10
2143 11
2144 9
2145 8
2146 19
2147 17
2148 16
2149 12
2150 7
2151 20
2152 10
2153 16
2154 1
2155 10
2156 20
2157 1
2158 4
2159 20
2160 1
2161 10
2162 20
2163 14
2164 10
2165 20
2166 2
2167 12
2168 17
2169 1
2170 3
2171 7
2172 17
2173 11
2174 19
2175 1
2176 9
2177 10
2178 2
2179 12
2180 7
2181 8
2182 2
2183 14
2184 9
2185 14
2186 12
2187 15
2188 20
2189 14
2190 17
2191 16
2192 11
2193 1
2194 5
2195 2
2196 17
2197 10
2198 8
2199 14
2200 11
2201 20
2202 20
2203 1
2204 3
2205 2
2206 11
2207 9
2208 9
2209 7
2210 7
2211 2
2212 16
2213 16
2214 16
2215 9
2216 3
2217 2
2218 1
2219 12
2220 4
2221 1
2222 6
2223 15
2224 20
2225 11
2226 17
2227 16
2228 7
2229 6
2230 20
2231 10
2232 11
2233 1
2234 1
2235 20
2236 20
2237 17
2238 2
2239 3
2240 1
2241 19
2242 20
2243 4
2244 16
2245 4
2246 11
2247 4
2248 10
2249 15
2250 20
2251 2
2252 5
2253 3
2254 2
2255 1
2256 7
2257 16
2258 4
2259 9
2260 3
2261 10
2262 4
2263 11
2264 2
2265 19
2266 10
2267 10
2268 10
2269 1
2270 20
2271 7
2272 13
2273 20
2274 2
2275 13
2276 18
2277 1
2278 16
2279 17
2280 15
2281 12
2282 4
2283 8
2284 17
2285 16
2286 12
2287 7
2288 1
2289 1
2290 7
2291 1
2292 13
2293 12
2294 4
2295 10
2296 10
2297 13
2298 1
2299 12
2300 8
2301 15
2302 16
2303 11
2304 8
2305 12
2306 8
2307 7
2308 14
2309 7
2310 12
2311 14
2312 12
2313 7
2314 20
2315 10
2316 12
2317 1
2318 1
2319 20
2320 3
2321 10
2322 10
2323 1
2324 14
2325 15
2326 11
2327 20
2328 20
2329 12
2330 11
2331 6
2332 16
2333 4
2334 3
2335 12
2336 6
2337 4
2338 2
2339 7
2340 17
2341 6
2342 12
2343 11
2344 4
2345 10
2346 8
2347 1
2348 8
2349 2
2350 12
2351 3
2352 20
2353 9
2354 6
2355 1
2356 17
2357 3
2358 1
2359 7
2360 7
2361 1
2362 1
2363 13
2364 14
2365 17
2366 11
2367 11
2368 7
2369 1
2370 20
2371 19
2372 11
2373 7
2374 8
2375 15
2376 8
2377 16
2378 17
2379 14
2380 8
2381 14
2382 8
2383 2
2384 10
2385 4
2386 4
2387 12
2388 15
2389 2
2390 17
2391 6
2392 1
2393 1
2394 4
2395 20
2396 20
2397 10
2398 13
2399 1
2400 17
2401 7
2402 13
2403 4
2404 11
2405 1
2406 20
2407 15
2408 20
2409 15
2410 3
2411 11
2412 8
2413 1
2414 10
2415 5
2416 13
2417 12
2418 13
2419 6
2420 11
2421 12
2422 20
2423 20
2424 12
2425 11
2426 8
2427 12
2428 1
2429 15
2430 12
2431 8
2432 8
2433 15
2434 7
2435 7
2436 1
2437 1
2438 2
2439 15
2440 13
2441 20
2442 20
2443 3
2444 12
2445 10
2446 5
2447 20
2448 15
2449 8
2450 1
2451 4
2452 4
2453 4
2454 8
2455 20
2456 8
2457 20
2458 11
2459 12
2460 20
2461 11
2462 8
2463 1
2464 4
2465 3
2466 3
2467 8
2468 2
2469 10
2470 15
2471 1
2472 18
2473 7
2474 2
2475 1
2476 16
2477 8
2478 10
2479 10
2480 16
2481 9
2482 20
2483 7
2484 2
2485 17
2486 17
2487 7
2488 20
2489 1
2490 17
2491 20
2492 12
2493 4
2494 10
2495 12
2496 1
2497 19
2498 13
2499 3
2500 4
2501 1
2502 12
2503 17
2504 20
2505 6
2506 11
2507 20
2508 14
2509 4
2510 14
2511 15
2512 1
2513 10
2514 10
2515 4
2516 4
2517 12
2518 8
2519 20
2520 3
2521 14
2522 13
2523 3
2524 2
2525 1
2526 5
2527 12
2528 6
2529 2
2530 13
2531 1
2532 3
2533 20
2534 4
2535 7
2536 1
2537 20
2538 12
2539 2
2540 11
2541 20
2542 11
2543 4
2544 3
2545 20
2546 13
2547 10
2548 5
2549 1
2550 20
2551 4
2552 20
2553 6
2554 8
2555 20
2556 7
2557 17
2558 2
2559 5
2560 10
2561 7
2562 13
2563 10
2564 12
2565 8
2566 20
2567 3
2568 2
2569 17
2570 17
2571 3
2572 20
2573 10
2574 20
2575 20
2576 2
2577 20
2578 3
2579 11
2580 13
2581 5
2582 11
2583 12
2584 6
2585 12
2586 11
2587 4
2588 4
2589 10
2590 12
2591 6
2592 11
2593 13
2594 13
2595 7
2596 12
2597 4
2598 15
2599 9
2600 6
2601 11
2602 13
2603 17
2604 7
2605 2
2606 20
2607 11
2608 10
2609 12
2610 11
2611 20
2612 17
2613 15
2614 12
2615 3
2616 8
2617 12
2618 10
2619 11
2620 14
2621 1
2622 14
2623 1
2624 7
2625 2
2626 8
2627 1
2628 16
2629 4
2630 20
2631 17
2632 20
2633 1
2634 6
2635 12
2636 20
2637 11
2638 20
2639 1
2640 15
2641 4
2642 12
2643 6
2644 10
2645 4
2646 11
2647 12
2648 20
2649 15
2650 2
2651 12
2652 8
2653 1
2654 7
2655 17
2656 11
2657 8
2658 9
2659 13
2660 10
2661 10
2662 2
2663 8
2664 12
2665 13
2666 6
2667 1
2668 8
2669 16
2670 8
2671 12
2672 7
2673 17
2674 17
2675 20
2676 11
2677 2
2678 4
2679 7
2680 4
2681 1
2682 7
2683 17
2684 20
2685 20
2686 5
2687 7
2688 19
2689 13
2690 12
2691 12
2692 8
2693 12
2694 16
2695 19
2696 7
2697 19
2698 15
2699 11
2700 7
2701 8
2702 4
2703 10
2704 8
2705 15
2706 1
2707 4
2708 1
2709 10
2710 9
2711 20
2712 7
2713 11
2714 19
2715 7
2716 8
2717 4
2718 13
2719 20
2720 7
2721 6
2722 14
2723 11
2724 12
2725 11
2726 20
2727 10
2728 10
2729 20
2730 1
2731 14
2732 11
2733 11
2734 8
2735 17
2736 1
2737 10
2738 7
2739 7
2740 5
2741 20
2742 12
2743 20
2744 4
2745 1
2746 10
2747 13
2748 11
2749 15
2750 4
2751 10
2752 10
2753 20
2754 14
2755 1
2756 20
2757 8
2758 14
2759 12
2760 4
2761 12
2762 1
2763 15
2764 20
2765 10
2766 7
2767 20
2768 20
2769 19
2770 12
2771 13
2772 7
2773 10
2774 13
2775 5
2776 10
2777 8
2778 11
2779 17
2780 17
2781 8
2782 4
2783 20
2784 8
2785 4
2786 13
2787 1
2788 1
2789 10
2790 11
2791 12
2792 7
2793 10
2794 4
2795 8
2796 11
2797 20
2798 1
2799 13
2800 16
2801 13
2802 1
2803 20
2804 1
2805 1
2806 4
2807 1
2808 15
2809 3
2810 4
2811 20
2812 9
2813 2
2814 7
2815 20
2816 4
2817 1
2818 20
2819 7
2820 3
2821 16
2822 17
2823 4
2824 17
2825 14
2826 11
2827 1
2828 11
2829 4
2830 11
2831 7
2832 17
2833 16
2834 3
2835 15
2836 1
2837 15
2838 16
2839 8
2840 7
2841 16
2842 12
2843 17
2844 17
2845 6
2846 17
2847 19
2848 7
2849 13
2850 3
2851 1
2852 12
2853 4
2854 17
2855 11
2856 2
2857 8
2858 2
2859 17
2860 20
2861 4
2862 14
2863 17
2864 10
2865 5
2866 20
2867 20
2868 11
2869 9
2870 1
2871 6
2872 1
2873 11
2874 11
2875 2
2876 9
2877 13
2878 1
2879 10
2880 12
2881 17
2882 11
2883 16
2884 10
2885 10
2886 8
2887 16
2888 16
2889 1
2890 2
2891 7
2892 1
2893 7
2894 7
2895 14
2896 11
2897 1
2898 17
2899 9
2900 5
2901 11
2902 2
2903 11
2904 3
2905 3
2906 1
2907 13
2908 1
2909 20
2910 4
2911 11
2912 12
2913 17
2914 3
2915 20
2916 10
2917 1
2918 7
2919 17
2920 17
2921 1
2922 2
2923 10
2924 8
2925 3
2926 16
2927 11
2928 1
2929 16
2930 15
2931 2
2932 17
2933 1
2934 7
2935 18
2936 4
2937 20
2938 4
2939 18
2940 2
2941 8
2942 4
2943 4
2944 11
2945 6
2946 14
2947 11
2948 4
2949 20
2950 20
2951 20
2952 17
2953 11
2954 3
2955 17
2956 12
2957 12
2958 2
2959 17
2960 6
2961 6
2962 1
2963 2
2964 8
2965 6
2966 13
2967 6
2968 11
2969 2
2970 16
2971 16
2972 1
2973 16
2974 11
2975 17
2976 2
2977 15
2978 17
2979 15
2980 2
2981 12
2982 13
2983 10
2984 14
2985 13
2986 20
2987 20
2988 10
2989 4
2990 4
2991 7
2992 3
2993 11
2994 9
2995 2
2996 7
2997 11
2998 8
2999 10
3000 11
3001 13
3002 4
3003 15
3004 2
3005 2
3006 13
3007 17
3008 4
3009 3
3010 7
3011 4
3012 10
3013 8
3014 2
3015 9
3016 16
3017 1
3018 2
3019 8
3020 1
3021 2
3022 2
3023 9
3024 20
3025 7
3026 8
3027 11
3028 7
3029 10
3030 10
3031 15
3032 11
3033 3
3034 11
3035 1
3036 1
3037 11
3038 8
3039 1
3040 2
3041 8
3042 8
3043 14
3044 8
3045 5
3046 2
3047 10
3048 10
3049 5
3050 16
3051 1
3052 4
3053 4
3054 10
3055 12
3056 8
3057 7
3058 4
3059 8
3060 4
3061 8
3062 1
3063 17
3064 6
3065 1
3066 6
3067 11
3068 13
3069 4
3070 20
3071 16
3072 12
3073 2
3074 12
3075 20
3076 9
3077 16
3078 5
3079 8
3080 10
3081 12
3082 7
3083 20
3084 17
3085 2
3086 11
3087 4
3088 12
3089 8
3090 13
3091 13
3092 1
3093 12
3094 12
3095 15
3096 2
3097 4
3098 3
3099 2
3100 10
3101 16
3102 16
3103 10
3104 10
3105 12
3106 19
3107 7
3108 11
3109 7
3110 6
3111 20
3112 19
3113 10
3114 7
3115 10
3116 17
3117 7
3118 16
3119 2
3120 1
3121 3
3122 10
3123 19
3124 12
3125 3
3126 9
3127 1
3128 6
3129 20
3130 2
3131 16
3132 8
3133 12
3134 1
3135 5
3136 12
3137 11
3138 12
3139 1
3140 7
3141 9
3142 15
3143 1
3144 11
3145 15
3146 16
3147 4
3148 7
3149 11
3150 7
3151 3
3152 16
3153 10
3154 5
3155 20
3156 19
3157 14
3158 16
3159 8
3160 4
3161 1
3162 20
3163 6
3164 1
3165 12
3166 2
3167 12
3168 11
3169 14
3170 9
3171 17
3172 6
3173 6
3174 6
3175 20
3176 13
3177 5
3178 13
3179 1
3180 4
3181 4
3182 16
3183 4
3184 11
3185 15
3186 16
3187 17
3188 12
3189 12
3190 10
3191 18
3192 17
3193 9
3194 7
3195 11
3196 14
3197 20
3198 12
3199 4
3200 12
3201 1
3202 4
3203 11
3204 20
3205 15
3206 2
3207 1
3208 13
3209 20
3210 6
3211 10
3212 1
3213 2
3214 3
3215 6
3216 9
3217 17
3218 17
3219 8
3220 15
3221 7
3222 4
3223 1
3224 1
3225 19
3226 7
3227 9
3228 12
3229 1
3230 11
3231 12
3232 10
3233 2
3234 11
3235 9
3236 1
3237 2
3238 17
3239 6
3240 18
3241 15
3242 1
3243 2
3244 11
3245 12
3246 13
3247 14
3248 3
3249 17
3250 14
3251 16
3252 10
3253 4
3254 20
3255 7
3256 3
3257 16
3258 20
3259 20
3260 13
3261 7
3262 1
3263 10
3264 7
3265 11
3266 16
3267 10
3268 7
3269 1
3270 5
3271 16
3272 7
3273 12
3274 3
3275 8
3276 1
3277 12
3278 3
3279 20
3280 20
3281 1
3282 5
3283 14
3284 11
3285 1
3286 15
3287 6
3288 20
3289 6
3290 4
3291 7
3292 6
3293 20
3294 4
3295 20
3296 15
3297 10
3298 11
3299 2
3300 13
3301 13
3302 16
3303 17
3304 20
3305 2
3306 17
3307 7
3308 8
3309 8
3310 17
3311 17
3312 11
3313 11
3314 4
3315 20
3316 1
3317 2
3318 13
3319 5
3320 1
3321 19
3322 17
3323 2
3324 19
3325 1
3326 14
3327 12
3328 20
3329 16
3330 3
3331 15
3332 11
3333 7
3334 4
3335 12
3336 7
3337 8
3338 14
3339 10
3340 1
3341 7
3342 1
3343 7
3344 11
3345 11
3346 4
3347 4
3348 1
3349 3
3350 19
3351 11
3352 16
3353 1
3354 17
3355 15
3356 19
3357 10
3358 4
3359 12
3360 8
3361 13
3362 16
3363 4
3364 8
3365 9
3366 8
3367 12
3368 17
3369 19
3370 7
3371 9
3372 8
3373 7
3374 11
3375 1
3376 11
3377 7
3378 2
3379 13
3380 13
3381 9
3382 12
3383 8
3384 17
3385 2
3386 1
3387 11
3388 4
3389 4
3390 8
3391 16
3392 15
3393 1
3394 7
3395 20
3396 19
3397 12
3398 11
3399 7
3400 20
3401 1
3402 1
3403 20
3404 9
3405 14
3406 20
3407 4
3408 4
3409 8
3410 12
3411 11
3412 9
3413 2
3414 7
3415 1
3416 4
3417 20
3418 11
3419 19
3420 2
3421 8
3422 13
3423 11
3424 6
3425 7
3426 1
3427 16
3428 2
3429 6
3430 15
3431 1
3432 17
3433 6
3434 1
3435 12
3436 19
3437 3
3438 20
3439 17
3440 2
3441 12
3442 16
3443 7
3444 11
3445 1
3446 8
3447 8
3448 17
3449 7
3450 9
3451 10
3452 12
3453 20
3454 20
3455 13
3456 7
3457 14
3458 1
3459 11
3460 11
3461 12
3462 11
3463 20
3464 8
3465 15
3466 7
3467 10
3468 20
3469 14
3470 2
3471 1
3472 11
3473 2
3474 15
3475 8
3476 20
3477 10
3478 7
3479 1
3480 7
3481 18
3482 1
3483 2
3484 16
3485 4
3486 10
3487 15
3488 11
3489 16
3490 10
3491 10
3492 6
3493 20
3494 16
3495 4
3496 12
3497 8
3498 10
3499 11
3500 16
3501 7
3502 4
3503 7
3504 7
3505 11
3506 5
3507 14
3508 10
3509 16
3510 4
3511 7
3512 15
3513 1
3514 11
3515 2
3516 13
3517 12
3518 4
3519 14
3520 1
3521 9
3522 9
3523 6
3524 3
3525 10
3526 20
3527 15
3528 10
3529 15
3530 3
3531 18
3532 8
3533 7
3534 15
3535 15
3536 2
3537 9
3538 3
3539 8
3540 8
3541 8
3542 15
3543 4
3544 20
3545 10
3546 4
3547 11
3548 9
3549 3
3550 5
3551 12
3552 10
3553 19
3554 12
3555 17
3556 11
3557 15
3558 11
3559 17
3560 11
3561 19
3562 1
3563 16
3564 8
3565 14
3566 9
3567 12
3568 10
3569 4
3570 10
3571 6
3572 4
3573 4
3574 11
3575 20
3576 20
3577 15
3578 20
3579 10
3580 4
3581 4
3582 5
3583 6
3584 1
3585 12
3586 10
3587 10
3588 10
3589 20
3590 11
3591 11
3592 12
3593 16
3594 9
3595 16
3596 16
3597 15
3598 2
3599 20
3600 4
3601 8
3602 10
3603 10
3604 7
3605 7
3606 11
3607 8
3608 20
3609 14
3610 10
3611 11
3612 12
3613 2
3614 3
3615 10
3616 4
3617 7
3618 11
3619 2
3620 14
3621 10
3622 20
3623 2
3624 13
3625 12
3626 17
3627 8
3628 13
3629 11
3630 7
3631 14
3632 13
3633 1
3634 16
3635 8
3636 2
3637 15
3638 8
3639 4
3640 6
3641 12
3642 10
3643 4
3644 2
3645 20
3646 8
3647 4
3648 4
3649 14
3650 2
3651 9
3652 8
3653 11
3654 3
3655 20
3656 20
3657 19
3658 12
3659 11
3660 11
3661 13
3662 4
3663 16
3664 2
3665 9
3666 12
3667 16
3668 14
3669 14
3670 4
3671 7
3672 15
3673 1
3674 1
3675 13
3676 17
3677 12
3678 2
3679 1
3680 15
3681 15
3682 11
3683 4
3684 8
3685 20
3686 4
3687 11
3688 11
3689 14
3690 1
3691 12
3692 3
3693 10
3694 5
3695 12
3696 8
3697 15
3698 9
3699 10
3700 15
3701 10
3702 8
3703 10
3704 11
3705 16
3706 1
3707 3
3708 2
3709 15
3710 10
3711 12
3712 12
3713 20
3714 20
3715 5
3716 20
3717 9
3718 1
3719 6
3720 11
3721 7
3722 7
3723 8
3724 8
3725 20
3726 14
3727 12
3728 17
3729 16
3730 8
3731 19
3732 8
3733 20
3734 19
3735 19
3736 2
3737 2
3738 10
3739 14
3740 15
3741 2
3742 1
3743 15
3744 20
3745 11
3746 4
3747 8
3748 4
3749 11
3750 10
3751 17
3752 11
3753 8
3754 10
3755 7
3756 20
3757 8
3758 20
3759 3
3760 9
3761 15
3762 8
3763 16
3764 8
3765 3
3766 7
3767 13
3768 1
3769 7
3770 2
3771 15
3772 2
3773 15
3774 19
3775 13
3776 15
3777 17
3778 8
3779 7
3780 1
3781 1
3782 10
3783 4
3784 11
3785 20
3786 15
3787 12
3788 20
3789 12
3790 13
3791 1
3792 17
3793 4
3794 7
3795 16
3796 16
3797 14
3798 1
3799 20
3800 1
3801 3
3802 2
3803 11
3804 20
3805 13
3806 1
3807 14
3808 20
3809 6
3810 2
3811 6
3812 6
3813 16
3814 13
3815 10
3816 17
3817 2
3818 8
3819 10
3820 12
3821 7
3822 11
3823 4
3824 10
3825 1
3826 2
3827 15
3828 12
3829 16
3830 20
3831 15
3832 1
3833 2
3834 15
3835 8
3836 7
3837 1
3838 2
3839 8
3840 12
3841 4
3842 18
3843 15
3844 15
3845 20
3846 5
3847 2
3848 8
3849 12
3850 19
3851 10
3852 11
3853 1
3854 12
3855 3
3856 19
3857 10
3858 7
3859 12
3860 8
3861 17
3862 11
3863 9
3864 13
3865 1
3866 15
3867 20
3868 4
3869 11
3870 12
3871 10
3872 4
3873 20
3874 10
3875 7
3876 11
3877 9
3878 1
3879 3
3880 17
3881 7
3882 2
3883 14
3884 16
3885 10
3886 12
3887 4
3888 7
3889 16
3890 7
3891 17
3892 10
3893 12
3894 1
3895 20
3896 1
3897 6
3898 8
3899 12
3900 3
3901 6
3902 16
3903 1
3904 2
3905 17
3906 10
3907 10
3908 8
3909 7
3910 1
3911 7
3912 1
3913 1
3914 8
3915 8
3916 16
3917 20
3918 16
3919 9
3920 5
3921 8
3922 20
3923 14
3924 16
3925 7
3926 8
3927 2
3928 1
3929 20
3930 7
3931 7
3932 2
3933 8
3934 1
3935 1
3936 16
3937 20
3938 10
3939 12
3940 20
3941 10
3942 6
3943 7
3944 20
3945 4
3946 12
3947 20
3948 12
3949 3
3950 20
3951 15
3952 1
3953 8
3954 17
3955 10
3956 17
3957 20
3958 20
3959 11
3960 1
3961 1
3962 4
3963 15
3964 16
3965 20
3966 20
3967 15
3968 2
3969 20
3970 11
3971 12
3972 7
3973 11
3974 8
3975 4
3976 1
3977 20
3978 1
3979 7
3980 12
3981 8
3982 8
3983 12
3984 19
3985 11
3986 1
3987 16
3988 8
3989 13
3990 10
3991 3
3992 15
3993 7
3994 17
3995 4
3996 1
3997 12
3998 11
3999 1
4000 2
4001 4
4002 6
4003 7
4004 15
4005 1
4006 2
4007 5
4008 12
4009 20
4010 7
4011 20
4012 17
4013 16
4014 7
4015 14
4016 11
4017 7
4018 1
4019 14
4020 2
4021 10
4022 12
4023 12
4024 3
4025 14
4026 1
4027 6
4028 12
4029 11
4030 1
4031 11
4032 2
4033 19
4034 6
4035 9
4036 10
4037 17
4038 12
4039 7
4040 12
4041 10
4042 11
4043 20
4044 19
4045 12
4046 20
4047 3
4048 18
4049 11
4050 17
4051 18
4052 20
4053 15
4054 11
4055 7
4056 10
4057 20
4058 16
4059 16
4060 7
4061 10
4062 17
4063 15
4064 17
4065 17
4066 10
4067 14
4068 10
4069 7
4070 15
4071 10
4072 16
4073 2
4074 6
4075 7
4076 1
4077 7
4078 7
4079 7
4080 15
4081 10
4082 6
4083 4
4084 1
4085 13
4086 4
4087 11
4088 14
4089 4
4090 1
4091 20
4092 12
4093 2
4094 1
4095 10
4096 17
4097 10
4098 8
4099 11
4100 3
4101 20
4102 17
4103 13
4104 11
4105 11
4106 2
4107 7
4108 3
4109 15
4110 20
4111 6
4112 15
4113 15
4114 4
4115 7
4116 18
4117 2
4118 3
4119 15
4120 7
4121 16
4122 6
4123 2
4124 20
4125 15
4126 2
4127 15
4128 8
4129 1
4130 1
4131 2
4132 2
4133 9
4134 11
4135 8
4136 10
4137 12
4138 1
4139 12
4140 8
4141 8
4142 4
4143 1
4144 6
4145 10
4146 7
4147 9
4148 15
4149 8
4150 10
4151 10
