2 2
3 2
7 3
16 3
20 3
30 2
42 2
46 2
47 2
48 3
49 2
57 2
59 3
61 3
84 3
88 2
90 3
92 3
101 2
103 2
107 2
109 3
112 3
114 2
117 2
119 2
122 2
124 2
126 3
127 3
129 3
130 2
131 2
135 3
138 3
140 2
142 3
143 3
152 3
173 3
180 2
190 3
191 2
195 3
200 3
201 2
209 3
218 2
236 3
245 3
247 2
249 3
263 3
270 2
272 2
285 2
287 2
288 2
289 2
293 2
295 3
298 3
301 3
303 3
310 3
313 3
314 2
315 2
325 2
328 2
346 3
348 3
350 3
352 2
355 2
357 2
380 3
382 3
391 2
392 2
398 3
400 3
405 3
406 3
410 3
412 2
444 3
445 3
451 2
452 3
455 2
459 2
463 2
464 2
469 2
473 2
475 3
482 2
487 3
491 3
497 3
501 2
503 2
505 2
506 3
512 2
521 3
525 3
546 2
553 2
562 3
567 2
574 2
575 2
587 3
588 2
592 2
599 2
617 2
618 3
623 2
624 3
626 3
627 3
628 3
638 2
639 2
641 2
646 3
648 2
651 2
652 3
654 3
661 2
685 3
689 3
691 2
695 3
697 2
700 3
705 2
712 3
714 3
715 2
728 3
740 2
743 3
744 3
746 2
751 3
752 2
755 3
768 3
770 2
771 2
776 2
782 3
785 2
797 2
798 2
799 2
801 2
805 3
806 2
807 3
812 2
818 2
832 2
839 2
841 2
843 2
850 3
857 2
861 2
866 2
869 3
887 2
889 3
893 2
904 2
907 2
912 3
926 3
927 2
928 3
930 2
932 2
933 3
941 3
943 2
951 2
955 2
958 3
959 2
964 3
975 2
979 2
980 3
995 2
998 2
1008 2
1011 3
1017 2
1020 2
1028 2
1030 2
1046 3
1047 3
1049 3
1055 2
1059 2
1060 2
1062 2
1072 2
1074 2
1075 2
1079 3
1080 2
1081 2
1085 2
1099 2
1101 3
1104 3
1106 3
1120 2
1121 3
1123 2
1124 2
1128 2
1129 3
1132 3
1133 3
1134 3
1136 3
1140 3
1143 3
1146 2
1148 2
1149 2
1150 3
1156 2
1157 3
1158 3
1161 2
1169 2
1172 2
1175 2
1176 2
1179 2
1181 3
1182 3
1184 3
1186 2
1191 3
1197 2
1198 3
1199 2
1206 2
1208 3
1222 3
1232 2
1236 3
1254 2
