0 0
1 1
2 1
3 1
4 1
5 1
6 1
7 1
8 1
9 1
10 1
11 0
12 1
13 1
14 1
15 1
16 1
17 1
18 1
19 1
20 1
21 1
22 0
23 1
24 1
25 1
26 1
27 1
28 1
29 1
30 1
31 1
32 1
33 0
34 1
35 1
36 1
37 1
38 1
39 1
40 1
41 1
42 1
43 1
44 0
45 1
46 1
47 1
48 1
49 1
50 1
51 1
52 1
53 1
54 1
55 0
56 1
57 1
58 1
59 1
60 1
61 1
62 1
63 1
64 1
65 1
66 0
67 1
68 1
69 1
70 1
71 1
72 1
73 1
74 1
75 1
76 1
77 0
78 1
79 1
80 1
81 1
82 1
83 1
84 1
85 1
86 1
87 1
88 0
89 1
90 1
91 1
92 1
93 1
94 1
95 1
96 1
97 1
98 1
99 0
100 1
101 1
102 1
103 1
104 1
105 1
106 1
107 1
108 1
109 1
110 2
111 3
112 3
113 3
114 3
115 3
116 2
117 3
118 3
119 3
120 3
121 3
122 2
123 3
124 3
125 3
126 3
127 3
128 2
129 3
130 3
131 3
132 3
133 3
134 2
135 3
136 3
137 3
138 3
139 3
140 2
141 3
142 3
143 3
144 3
145 3
146 2
147 3
148 3
149 3
150 3
151 3
152 2
153 3
154 3
155 3
156 3
157 3
158 2
159 3
160 3
161 3
162 3
163 3
164 2
165 3
166 3
167 3
168 3
169 3
