0 0
1 2
2 2
3 2
4 1
5 2
6 2
7 2
8 2
9 2
10 0
11 2
12 2
13 2
14 2
15 2
16 2
17 2
18 1
19 2
20 2
21 2
22 2
23 2
24 2
25 2
26 2
27 2
28 0
29 2
30 2
31 2
32 2
33 2
34 2
35 2
36 2
37 2
38 2
39 2
40 1
41 2
42 2
43 2
44 2
45 2
46 2
47 2
48 2
49 2
50 2
51 2
52 2
53 2
54 0
55 2
56 2
57 2
58 2
59 2
60 2
61 2
62 2
63 2
64 2
65 2
66 2
67 2
68 2
69 2
70 1
71 2
72 2
73 2
74 2
75 2
76 2
77 2
78 2
79 2
80 2
81 2
82 2
83 2
84 2
85 2
86 2
87 2
88 0
89 2
90 2
91 2
92 2
93 2
94 2
95 2
96 2
97 2
98 2
99 2
100 2
101 2
102 2
103 2
104 2
105 2
106 2
107 2
108 3
109 5
110 5
111 5
112 8
113 4
114 3
115 5
116 5
117 5
118 5
119 5
120 8
121 4
122 3
123 5
124 5
125 5
126 5
127 5
128 5
129 5
130 8
131 4
132 3
133 5
134 5
135 5
136 5
137 5
138 5
139 5
140 5
141 5
142 8
143 4
144 3
145 5
146 5
147 5
148 5
149 5
150 5
151 5
152 5
153 5
154 5
155 5
156 8
157 4
158 3
159 5
160 5
161 5
162 5
163 5
164 5
165 5
166 5
167 5
168 5
169 5
170 5
171 5
172 8
173 4
174 3
175 5
176 5
177 5
178 5
179 5
180 5
181 5
182 5
183 5
184 5
185 5
186 5
187 5
188 5
189 5
190 5
191 5
192 8
193 4
194 6
195 7
196 7
197 6
198 7
199 7
200 7
201 7
202 7
203 7
204 7
205 7
206 7
207 7
208 7
209 7
210 6
211 7
212 7
213 7
214 6
215 7
216 7
217 7
218 7
219 7
220 7
221 7
222 7
223 7
224 7
225 6
226 7
227 7
228 7
229 7
230 6
231 7
232 7
233 7
234 7
235 7
236 7
237 7
238 7
239 6
240 7
241 7
242 7
243 7
244 7
