0 2
1 0
2 0
3 0
4 2
5 0
6 0
7 0
8 2
9 0
10 0
11 0
12 2
13 0
14 0
15 0
16 2
17 0
18 0
19 0
20 2
21 0
22 0
23 0
24 2
25 0
26 0
27 0
28 2
29 0
30 0
31 0
32 2
33 0
34 0
35 0
36 0
37 0
38 0
39 0
40 3
41 1
42 1
43 1
44 3
45 1
46 1
47 1
48 3
49 1
50 1
51 1
52 3
53 1
54 1
55 1
56 1
57 1
58 3
59 1
60 1
61 1
62 1
63 1
64 3
65 1
66 1
67 1
68 1
69 1
70 3
71 1
72 1
73 1
74 1
75 1
76 1
77 1
78 1
79 1
80 3
81 1
82 1
83 1
84 1
85 1
86 1
87 1
88 1
89 1
90 3
91 1
92 1
93 1
94 1
95 1
96 1
97 1
98 1
99 1
100 1
101 1
102 1
103 1
104 1
105 1
106 1
107 1
108 1
109 1
