0.000 0.000 0.000 0.000 0.000 0.000 0.000 0.000 0.000 0.000 57.738 57.738 76.076 76.076 33.452 57.738 57.738 76.076 76.076 33.452 57.738 57.738 76.076 76.076 33.452 57.738 57.738 76.076 76.076 33.452 57.738 57.738 76.076 76.076 33.452 57.738 57.738 76.076 76.076 33.452 57.738 57.738 76.076 76.076 33.452 57.738 57.738 76.076 76.076 33.452 57.738 57.738 76.076 76.076 33.452 57.738 57.738 76.076 76.076 33.452
0.000 0.000 0.000 0.000 0.000 0.000 0.000 0.000 0.000 0.000 57.738 57.738 76.076 76.076 33.452 57.738 57.738 76.076 76.076 33.452 57.738 57.738 76.076 76.076 33.452 57.738 57.738 76.076 76.076 33.452 57.738 57.738 76.076 76.076 33.452 57.738 57.738 76.076 76.076 33.452 57.738 57.738 76.076 76.076 33.452 57.738 57.738 76.076 76.076 33.452 57.738 57.738 76.076 76.076 33.452 57.738 57.738 76.076 76.076 33.452
0.000 0.000 0.000 0.000 0.000 0.000 0.000 0.000 0.000 0.000 57.738 57.738 76.076 76.076 33.452 57.738 57.738 76.076 76.076 33.452 57.738 57.738 76.076 76.076 33.452 57.738 57.738 76.076 76.076 33.452 57.738 57.738 76.076 76.076 33.452 57.738 57.738 76.076 76.076 33.452 57.738 57.738 76.076 76.076 33.452 57.738 57.738 76.076 76.076 33.452 57.738 57.738 76.076 76.076 33.452 57.738 57.738 76.076 76.076 33.452
0.000 0.000 0.000 0.000 0.000 0.000 0.000 0.000 0.000 0.000 57.738 57.738 76.076 76.076 33.452 57.738 57.738 76.076 76.076 33.452 57.738 57.738 76.076 76.076 33.452 57.738 57.738 76.076 76.076 33.452 57.738 57.738 76.076 76.076 33.452 57.738 57.738 76.076 76.076 33.452 57.738 57.738 76.076 76.076 33.452 57.738 57.738 76.076 76.076 33.452 57.738 57.738 76.076 76.076 33.452 57.738 57.738 76.076 76.076 33.452
0.000 0.000 0.000 0.000 0.000 0.000 0.000 0.000 0.000 0.000 57.738 57.738 76.076 76.076 33.452 57.738 57.738 76.076 76.076 33.452 57.738 57.738 76.076 76.076 33.452 57.738 57.738 76.076 76.076 33.452 57.738 57.738 76.076 76.076 33.452 57.738 57.738 76.076 76.076 33.452 57.738 57.738 76.076 76.076 33.452 57.738 57.738 76.076 76.076 33.452 57.738 57.738 76.076 76.076 33.452 57.738 57.738 76.076 76.076 33.452
0.000 0.000 0.000 0.000 0.000 0.000 0.000 0.000 0.000 0.000 57.738 57.738 76.076 76.076 33.452 57.738 57.738 76.076 76.076 33.452 57.738 57.738 76.076 76.076 33.452 57.738 57.738 76.076 76.076 33.452 57.738 57.738 76.076 76.076 33.452 57.738 57.738 76.076 76.076 33.452 57.738 57.738 76.076 76.076 33.452 57.738 57.738 76.076 76.076 33.452 57.738 57.738 76.076 76.076 33.452 57.738 57.738 76.076 76.076 33.452
0.000 0.000 0.000 0.000 0.000 0.000 0.000 0.000 0.000 0.000 57.738 57.738 76.076 76.076 33.452 57.738 57.738 76.076 76.076 33.452 57.738 57.738 76.076 76.076 33.452 57.738 57.738 76.076 76.076 33.452 57.738 57.738 76.076 76.076 33.452 57.738 57.738 76.076 76.076 33.452 57.738 57.738 76.076 76.076 33.452 57.738 57.738 76.076 76.076 33.452 57.738 57.738 76.076 76.076 33.452 57.738 57.738 76.076 76.076 33.452
0.000 0.000 0.000 0.000 0.000 0.000 0.000 0.000 0.000 0.000 57.738 57.738 76.076 76.076 33.452 57.738 57.738 76.076 76.076 33.452 57.738 57.738 76.076 76.076 33.452 57.738 57.738 76.076 76.076 33.452 57.738 57.738 76.076 76.076 33.452 57.738 57.738 76.076 76.076 33.452 57.738 57.738 76.076 76.076 33.452 57.738 57.738 76.076 76.076 33.452 57.738 57.738 76.076 76.076 33.452 57.738 57.738 76.076 76.076 33.452
0.000 0.000 0.000 0.000 0.000 0.000 0.000 0.000 0.000 0.000 57.738 57.738 76.076 76.076 33.452 57.738 57.738 76.076 76.076 33.452 57.738 57.738 76.076 76.076 33.452 57.738 57.738 76.076 76.076 33.452 57.738 57.738 76.076 76.076 33.452 57.738 57.738 76.076 76.076 33.452 57.738 57.738 76.076 76.076 33.452 57.738 57.738 76.076 76.076 33.452 57.738 57.738 76.076 76.076 33.452 57.738 57.738 76.076 76.076 33.452
0.000 0.000 0.000 0.000 0.000 0.000 0.000 0.000 0.000 0.000 57.738 57.738 76.076 76.076 33.452 57.738 57.738 76.076 76.076 33.452 57.738 57.738 76.076 76.076 33.452 57.738 57.738 76.076 76.076 33.452 57.738 57.738 76.076 76.076 33.452 57.738 57.738 76.076 76.076 33.452 57.738 57.738 76.076 76.076 33.452 57.738 57.738 76.076 76.076 33.452 57.738 57.738 76.076 76.076 33.452 57.738 57.738 76.076 76.076 33.452
57.738 57.738 57.738 57.738 57.738 57.738 57.738 57.738 57.738 57.738 0.000 0.000 22.622 22.622 29.756 0.000 0.000 22.622 22.622 29.756 0.000 0.000 22.622 22.622 29.756 0.000 0.000 22.622 22.622 29.756 0.000 0.000 22.622 22.622 29.756 0.000 0.000 22.622 22.622 29.756 0.000 0.000 22.622 22.622 29.756 0.000 0.000 22.622 22.622 29.756 0.000 0.000 22.622 22.622 29.756 0.000 0.000 22.622 22.622 29.756
57.738 57.738 57.738 57.738 57.738 57.738 57.738 57.738 57.738 57.738 0.000 0.000 22.622 22.622 29.756 0.000 0.000 22.622 22.622 29.756 0.000 0.000 22.622 22.622 29.756 0.000 0.000 22.622 22.622 29.756 0.000 0.000 22.622 22.622 29.756 0.000 0.000 22.622 22.622 29.756 0.000 0.000 22.622 22.622 29.756 0.000 0.000 22.622 22.622 29.756 0.000 0.000 22.622 22.622 29.756 0.000 0.000 22.622 22.622 29.756
76.076 76.076 76.076 76.076 76.076 76.076 76.076 76.076 76.076 76.076 22.622 22.622 0.000 0.000 49.459 22.622 22.622 0.000 0.000 49.459 22.622 22.622 0.000 0.000 49.459 22.622 22.622 0.000 0.000 49.459 22.622 22.622 0.000 0.000 49.459 22.622 22.622 0.000 0.000 49.459 22.622 22.622 0.000 0.000 49.459 22.622 22.622 0.000 0.000 49.459 22.622 22.622 0.000 0.000 49.459 22.622 22.622 0.000 0.000 49.459
76.076 76.076 76.076 76.076 76.076 76.076 76.076 76.076 76.076 76.076 22.622 22.622 0.000 0.000 49.459 22.622 22.622 0.000 0.000 49.459 22.622 22.622 0.000 0.000 49.459 22.622 22.622 0.000 0.000 49.459 22.622 22.622 0.000 0.000 49.459 22.622 22.622 0.000 0.000 49.459 22.622 22.622 0.000 0.000 49.459 22.622 22.622 0.000 0.000 49.459 22.622 22.622 0.000 0.000 49.459 22.622 22.622 0.000 0.000 49.459
33.452 33.452 33.452 33.452 33.452 33.452 33.452 33.452 33.452 33.452 29.756 29.756 49.459 49.459 0.000 29.756 29.756 49.459 49.459 0.000 29.756 29.756 49.459 49.459 0.000 29.756 29.756 49.459 49.459 0.000 29.756 29.756 49.459 49.459 0.000 29.756 29.756 49.459 49.459 0.000 29.756 29.756 49.459 49.459 0.000 29.756 29.756 49.459 49.459 0.000 29.756 29.756 49.459 49.459 0.000 29.756 29.756 49.459 49.459 0.000
57.738 57.738 57.738 57.738 57.738 57.738 57.738 57.738 57.738 57.738 0.000 0.000 22.622 22.622 29.756 0.000 0.000 22.622 22.622 29.756 0.000 0.000 22.622 22.622 29.756 0.000 0.000 22.622 22.622 29.756 0.000 0.000 22.622 22.622 29.756 0.000 0.000 22.622 22.622 29.756 0.000 0.000 22.622 22.622 29.756 0.000 0.000 22.622 22.622 29.756 0.000 0.000 22.622 22.622 29.756 0.000 0.000 22.622 22.622 29.756
57.738 57.738 57.738 57.738 57.738 57.738 57.738 57.738 57.738 57.738 0.000 0.000 22.622 22.622 29.756 0.000 0.000 22.622 22.622 29.756 0.000 0.000 22.622 22.622 29.756 0.000 0.000 22.622 22.622 29.756 0.000 0.000 22.622 22.622 29.756 0.000 0.000 22.622 22.622 29.756 0.000 0.000 22.622 22.622 29.756 0.000 0.000 22.622 22.622 29.756 0.000 0.000 22.622 22.622 29.756 0.000 0.000 22.622 22.622 29.756
76.076 76.076 76.076 76.076 76.076 76.076 76.076 76.076 76.076 76.076 22.622 22.622 0.000 0.000 49.459 22.622 22.622 0.000 0.000 49.459 22.622 22.622 0.000 0.000 49.459 22.622 22.622 0.000 0.000 49.459 22.622 22.622 0.000 0.000 49.459 22.622 22.622 0.000 0.000 49.459 22.622 22.622 0.000 0.000 49.459 22.622 22.622 0.000 0.000 49.459 22.622 22.622 0.000 0.000 49.459 22.622 22.622 0.000 0.000 49.459
76.076 76.076 76.076 76.076 76.076 76.076 76.076 76.076 76.076 76.076 22.622 22.622 0.000 0.000 49.459 22.622 22.622 0.000 0.000 49.459 22.622 22.622 0.000 0.000 49.459 22.622 22.622 0.000 0.000 49.459 22.622 22.622 0.000 0.000 49.459 22.622 22.622 0.000 0.000 49.459 22.622 22.622 0.000 0.000 49.459 22.622 22.622 0.000 0.000 49.459 22.622 22.622 0.000 0.000 49.459 22.622 22.622 0.000 0.000 49.459
33.452 33.452 33.452 33.452 33.452 33.452 33.452 33.452 33.452 33.452 29.756 29.756 49.459 49.459 0.000 29.756 29.756 49.459 49.459 0.000 29.756 29.756 49.459 49.459 0.000 29.756 29.756 49.459 49.459 0.000 29.756 29.756 49.459 49.459 0.000 29.756 29.756 49.459 49.459 0.000 29.756 29.756 49.459 49.459 0.000 29.756 29.756 49.459 49.459 0.000 29.756 29.756 49.459 49.459 0.000 29.756 29.756 49.459 49.459 0.000
57.738 57.738 57.738 57.738 57.738 57.738 57.738 57.738 57.738 57.738 0.000 0.000 22.622 22.622 29.756 0.000 0.000 22.622 22.622 29.756 0.000 0.000 22.622 22.622 29.756 0.000 0.000 22.622 22.622 29.756 0.000 0.000 22.622 22.622 29.756 0.000 0.000 22.622 22.622 29.756 0.000 0.000 22.622 22.622 29.756 0.000 0.000 22.622 22.622 29.756 0.000 0.000 22.622 22.622 29.756 0.000 0.000 22.622 22.622 29.756
57.738 57.738 57.738 57.738 57.738 57.738 57.738 57.738 57.738 57.738 0.000 0.000 22.622 22.622 29.756 0.000 0.000 22.622 22.622 29.756 0.000 0.000 22.622 22.622 29.756 0.000 0.000 22.622 22.622 29.756 0.000 0.000 22.622 22.622 29.756 0.000 0.000 22.622 22.622 29.756 0.000 0.000 22.622 22.622 29.756 0.000 0.000 22.622 22.622 29.756 0.000 0.000 22.622 22.622 29.756 0.000 0.000 22.622 22.622 29.756
76.076 76.076 76.076 76.076 76.076 76.076 76.076 76.076 76.076 76.076 22.622 22.622 0.000 0.000 49.459 22.622 22.622 0.000 0.000 49.459 22.622 22.622 0.000 0.000 49.459 22.622 22.622 0.000 0.000 49.459 22.622 22.622 0.000 0.000 49.459 22.622 22.622 0.000 0.000 49.459 22.622 22.622 0.000 0.000 49.459 22.622 22.622 0.000 0.000 49.459 22.622 22.622 0.000 0.000 49.459 22.622 22.622 0.000 0.000 49.459
76.076 76.076 76.076 76.076 76.076 76.076 76.076 76.076 76.076 76.076 22.622 22.622 0.000 0.000 49.459 22.622 22.622 0.000 0.000 49.459 22.622 22.622 0.000 0.000 49.459 22.622 22.622 0.000 0.000 49.459 22.622 22.622 0.000 0.000 49.459 22.622 22.622 0.000 0.000 49.459 22.622 22.622 0.000 0.000 49.459 22.622 22.622 0.000 0.000 49.459 22.622 22.622 0.000 0.000 49.459 22.622 22.622 0.000 0.000 49.459
33.452 33.452 33.452 33.452 33.452 33.452 33.452 33.452 33.452 33.452 29.756 29.756 49.459 49.459 0.000 29.756 29.756 49.459 49.459 0.000 29.756 29.756 49.459 49.459 0.000 29.756 29.756 49.459 49.459 0.000 29.756 29.756 49.459 49.459 0.000 29.756 29.756 49.459 49.459 0.000 29.756 29.756 49.459 49.459 0.000 29.756 29.756 49.459 49.459 0.000 29.756 29.756 49.459 49.459 0.000 29.756 29.756 49.459 49.459 0.000
57.738 57.738 57.738 57.738 57.738 57.738 57.738 57.738 57.738 57.738 0.000 0.000 22.622 22.622 29.756 0.000 0.000 22.622 22.622 29.756 0.000 0.000 22.622 22.622 29.756 0.000 0.000 22.622 22.622 29.756 0.000 0.000 22.622 22.622 29.756 0.000 0.000 22.622 22.622 29.756 0.000 0.000 22.622 22.622 29.756 0.000 0.000 22.622 22.622 29.756 0.000 0.000 22.622 22.622 29.756 0.000 0.000 22.622 22.622 29.756
57.738 57.738 57.738 57.738 57.738 57.738 57.738 57.738 57.738 57.738 0.000 0.000 22.622 22.622 29.756 0.000 0.000 22.622 22.622 29.756 0.000 0.000 22.622 22.622 29.756 0.000 0.000 22.622 22.622 29.756 0.000 0.000 22.622 22.622 29.756 0.000 0.000 22.622 22.622 29.756 0.000 0.000 22.622 22.622 29.756 0.000 0.000 22.622 22.622 29.756 0.000 0.000 22.622 22.622 29.756 0.000 0.000 22.622 22.622 29.756
76.076 76.076 76.076 76.076 76.076 76.076 76.076 76.076 76.076 76.076 22.622 22.622 0.000 0.000 49.459 22.622 22.622 0.000 0.000 49.459 22.622 22.622 0.000 0.000 49.459 22.622 22.622 0.000 0.000 49.459 22.622 22.622 0.000 0.000 49.459 22.622 22.622 0.000 0.000 49.459 22.622 22.622 0.000 0.000 49.459 22.622 22.622 0.000 0.000 49.459 22.622 22.622 0.000 0.000 49.459 22.622 22.622 0.000 0.000 49.459
76.076 76.076 76.076 76.076 76.076 76.076 76.076 76.076 76.076 76.076 22.622 22.622 0.000 0.000 49.459 22.622 22.622 0.000 0.000 49.459 22.622 22.622 0.000 0.000 49.459 22.622 22.622 0.000 0.000 49.459 22.622 22.622 0.000 0.000 49.459 22.622 22.622 0.000 0.000 49.459 22.622 22.622 0.000 0.000 49.459 22.622 22.622 0.000 0.000 49.459 22.622 22.622 0.000 0.000 49.459 22.622 22.622 0.000 0.000 49.459
33.452 33.452 33.452 33.452 33.452 33.452 33.452 33.452 33.452 33.452 29.756 29.756 49.459 49.459 0.000 29.756 29.756 49.459 49.459 0.000 29.756 29.756 49.459 49.459 0.000 29.756 29.756 49.459 49.459 0.000 29.756 29.756 49.459 49.459 0.000 29.756 29.756 49.459 49.459 0.000 29.756 29.756 49.459 49.459 0.000 29.756 29.756 49.459 49.459 0.000 29.756 29.756 49.459 49.459 0.000 29.756 29.756 49.459 49.459 0.000
57.738 57.738 57.738 57.738 57.738 57.738 57.738 57.738 57.738 57.738 0.000 0.000 22.622 22.622 29.756 0.000 0.000 22.622 22.622 29.756 0.000 0.000 22.622 22.622 29.756 0.000 0.000 22.622 22.622 29.756 0.000 0.000 22.622 22.622 29.756 0.000 0.000 22.622 22.622 29.756 0.000 0.000 22.622 22.622 29.756 0.000 0.000 22.622 22.622 29.756 0.000 0.000 22.622 22.622 29.756 0.000 0.000 22.622 22.622 29.756
57.738 57.738 57.738 57.738 57.738 57.738 57.738 57.738 57.738 57.738 0.000 0.000 22.622 22.622 29.756 0.000 0.000 22.622 22.622 29.756 0.000 0.000 22.622 22.622 29.756 0.000 0.000 22.622 22.622 29.756 0.000 0.000 22.622 22.622 29.756 0.000 0.000 22.622 22.622 29.756 0.000 0.000 22.622 22.622 29.756 0.000 0.000 22.622 22.622 29.756 0.000 0.000 22.622 22.622 29.756 0.000 0.000 22.622 22.622 29.756
76.076 76.076 76.076 76.076 76.076 76.076 76.076 76.076 76.076 76.076 22.622 22.622 0.000 0.000 49.459 22.622 22.622 0.000 0.000 49.459 22.622 22.622 0.000 0.000 49.459 22.622 22.622 0.000 0.000 49.459 22.622 22.622 0.000 0.000 49.459 22.622 22.622 0.000 0.000 49.459 22.622 22.622 0.000 0.000 49.459 22.622 22.622 0.000 0.000 49.459 22.622 22.622 0.000 0.000 49.459 22.622 22.622 0.000 0.000 49.459
76.076 76.076 76.076 76.076 76.076 76.076 76.076 76.076 76.076 76.076 22.622 22.622 0.000 0.000 49.459 22.622 22.622 0.000 0.000 49.459 22.622 22.622 0.000 0.000 49.459 22.622 22.622 0.000 0.000 49.459 22.622 22.622 0.000 0.000 49.459 22.622 22.622 0.000 0.000 49.459 22.622 22.622 0.000 0.000 49.459 22.622 22.622 0.000 0.000 49.459 22.622 22.622 0.000 0.000 49.459 22.622 22.622 0.000 0.000 49.459
33.452 33.452 33.452 33.452 33.452 33.452 33.452 33.452 33.452 33.452 29.756 29.756 49.459 49.459 0.000 29.756 29.756 49.459 49.459 0.000 29.756 29.756 49.459 49.459 0.000 29.756 29.756 49.459 49.459 0.000 29.756 29.756 49.459 49.459 0.000 29.756 29.756 49.459 49.459 0.000 29.756 29.756 49.459 49.459 0.000 29.756 29.756 49.459 49.459 0.000 29.756 29.756 49.459 49.459 0.000 29.756 29.756 49.459 49.459 0.000
57.738 57.738 57.738 57.738 57.738 57.738 57.738 57.738 57.738 57.738 0.000 0.000 22.622 22.622 29.756 0.000 0.000 22.622 22.622 29.756 0.000 0.000 22.622 22.622 29.756 0.000 0.000 22.622 22.622 29.756 0.000 0.000 22.622 22.622 29.756 0.000 0.000 22.622 22.622 29.756 0.000 0.000 22.622 22.622 29.756 0.000 0.000 22.622 22.622 29.756 0.000 0.000 22.622 22.622 29.756 0.000 0.000 22.622 22.622 29.756
57.738 57.738 57.738 57.738 57.738 57.738 57.738 57.738 57.738 57.738 0.000 0.000 22.622 22.622 29.756 0.000 0.000 22.622 22.622 29.756 0.000 0.000 22.622 22.622 29.756 0.000 0.000 22.622 22.622 29.756 0.000 0.000 22.622 22.622 29.756 0.000 0.000 22.622 22.622 29.756 0.000 0.000 22.622 22.622 29.756 0.000 0.000 22.622 22.622 29.756 0.000 0.000 22.622 22.622 29.756 0.000 0.000 22.622 22.622 29.756
76.076 76.076 76.076 76.076 76.076 76.076 76.076 76.076 76.076 76.076 22.622 22.622 0.000 0.000 49.459 22.622 22.622 0.000 0.000 49.459 22.622 22.622 0.000 0.000 49.459 22.622 22.622 0.000 0.000 49.459 22.622 22.622 0.000 0.000 49.459 22.622 22.622 0.000 0.000 49.459 22.622 22.622 0.000 0.000 49.459 22.622 22.622 0.000 0.000 49.459 22.622 22.622 0.000 0.000 49.459 22.622 22.622 0.000 0.000 49.459
76.076 76.076 76.076 76.076 76.076 76.076 76.076 76.076 76.076 76.076 22.622 22.622 0.000 0.000 49.459 22.622 22.622 0.000 0.000 49.459 22.622 22.622 0.000 0.000 49.459 22.622 22.622 0.000 0.000 49.459 22.622 22.622 0.000 0.000 49.459 22.622 22.622 0.000 0.000 49.459 22.622 22.622 0.000 0.000 49.459 22.622 22.622 0.000 0.000 49.459 22.622 22.622 0.000 0.000 49.459 22.622 22.622 0.000 0.000 49.459
33.452 33.452 33.452 33.452 33.452 33.452 33.452 33.452 33.452 33.452 29.756 29.756 49.459 49.459 0.000 29.756 29.756 49.459 49.459 0.000 29.756 29.756 49.459 49.459 0.000 29.756 29.756 49.459 49.459 0.000 29.756 29.756 49.459 49.459 0.000 29.756 29.756 49.459 49.459 0.000 29.756 29.756 49.459 49.459 0.000 29.756 29.756 49.459 49.459 0.000 29.756 29.756 49.459 49.459 0.000 29.756 29.756 49.459 49.459 0.000
57.738 57.738 57.738 57.738 57.738 57.738 57.738 57.738 57.738 57.738 0.000 0.000 22.622 22.622 29.756 0.000 0.000 22.622 22.622 29.756 0.000 0.000 22.622 22.622 29.756 0.000 0.000 22.622 22.622 29.756 0.000 0.000 22.622 22.622 29.756 0.000 0.000 22.622 22.622 29.756 0.000 0.000 22.622 22.622 29.756 0.000 0.000 22.622 22.622 29.756 0.000 0.000 22.622 22.622 29.756 0.000 0.000 22.622 22.622 29.756
57.738 57.738 57.738 57.738 57.738 57.738 57.738 57.738 57.738 57.738 0.000 0.000 22.622 22.622 29.756 0.000 0.000 22.622 22.622 29.756 0.000 0.000 22.622 22.622 29.756 0.000 0.000 22.622 22.622 29.756 0.000 0.000 22.622 22.622 29.756 0.000 0.000 22.622 22.622 29.756 0.000 0.000 22.622 22.622 29.756 0.000 0.000 22.622 22.622 29.756 0.000 0.000 22.622 22.622 29.756 0.000 0.000 22.622 22.622 29.756
76.076 76.076 76.076 76.076 76.076 76.076 76.076 76.076 76.076 76.076 22.622 22.622 0.000 0.000 49.459 22.622 22.622 0.000 0.000 49.459 22.622 22.622 0.000 0.000 49.459 22.622 22.622 0.000 0.000 49.459 22.622 22.622 0.000 0.000 49.459 22.622 22.622 0.000 0.000 49.459 22.622 22.622 0.000 0.000 49.459 22.622 22.622 0.000 0.000 49.459 22.622 22.622 0.000 0.000 49.459 22.622 22.622 0.000 0.000 49.459
76.076 76.076 76.076 76.076 76.076 76.076 76.076 76.076 76.076 76.076 22.622 22.622 0.000 0.000 49.459 22.622 22.622 0.000 0.000 49.459 22.622 22.622 0.000 0.000 49.459 22.622 22.622 0.000 0.000 49.459 22.622 22.622 0.000 0.000 49.459 22.622 22.622 0.000 0.000 49.459 22.622 22.622 0.000 0.000 49.459 22.622 22.622 0.000 0.000 49.459 22.622 22.622 0.000 0.000 49.459 22.622 22.622 0.000 0.000 49.459
33.452 33.452 33.452 33.452 33.452 33.452 33.452 33.452 33.452 33.452 29.756 29.756 49.459 49.459 0.000 29.756 29.756 49.459 49.459 0.000 29.756 29.756 49.459 49.459 0.000 29.756 29.756 49.459 49.459 0.000 29.756 29.756 49.459 49.459 0.000 29.756 29.756 49.459 49.459 0.000 29.756 29.756 49.459 49.459 0.000 29.756 29.756 49.459 49.459 0.000 29.756 29.756 49.459 49.459 0.000 29.756 29.756 49.459 49.459 0.000
57.738 57.738 57.738 57.738 57.738 57.738 57.738 57.738 57.738 57.738 0.000 0.000 22.622 22.622 29.756 0.000 0.000 22.622 22.622 29.756 0.000 0.000 22.622 22.622 29.756 0.000 0.000 22.622 22.622 29.756 0.000 0.000 22.622 22.622 29.756 0.000 0.000 22.622 22.622 29.756 0.000 0.000 22.622 22.622 29.756 0.000 0.000 22.622 22.622 29.756 0.000 0.000 22.622 22.622 29.756 0.000 0.000 22.622 22.622 29.756
57.738 57.738 57.738 57.738 57.738 57.738 57.738 57.738 57.738 57.738 0.000 0.000 22.622 22.622 29.756 0.000 0.000 22.622 22.622 29.756 0.000 0.000 22.622 22.622 29.756 0.000 0.000 22.622 22.622 29.756 0.000 0.000 22.622 22.622 29.756 0.000 0.000 22.622 22.622 29.756 0.000 0.000 22.622 22.622 29.756 0.000 0.000 22.622 22.622 29.756 0.000 0.000 22.622 22.622 29.756 0.000 0.000 22.622 22.622 29.756
76.076 76.076 76.076 76.076 76.076 76.076 76.076 76.076 76.076 76.076 22.622 22.622 0.000 0.000 49.459 22.622 22.622 0.000 0.000 49.459 22.622 22.622 0.000 0.000 49.459 22.622 22.622 0.000 0.000 49.459 22.622 22.622 0.000 0.000 49.459 22.622 22.622 0.000 0.000 49.459 22.622 22.622 0.000 0.000 49.459 22.622 22.622 0.000 0.000 49.459 22.622 22.622 0.000 0.000 49.459 22.622 22.622 0.000 0.000 49.459
76.076 76.076 76.076 76.076 76.076 76.076 76.076 76.076 76.076 76.076 22.622 22.622 0.000 0.000 49.459 22.622 22.622 0.000 0.000 49.459 22.622 22.622 0.000 0.000 49.459 22.622 22.622 0.000 0.000 49.459 22.622 22.622 0.000 0.000 49.459 22.622 22.622 0.000 0.000 49.459 22.622 22.622 0.000 0.000 49.459 22.622 22.622 0.000 0.000 49.459 22.622 22.622 0.000 0.000 49.459 22.622 22.622 0.000 0.000 49.459
33.452 33.452 33.452 33.452 33.452 33.452 33.452 33.452 33.452 33.452 29.756 29.756 49.459 49.459 0.000 29.756 29.756 49.459 49.459 0.000 29.756 29.756 49.459 49.459 0.000 29.756 29.756 49.459 49.459 0.000 29.756 29.756 49.459 49.459 0.000 29.756 29.756 49.459 49.459 0.000 29.756 29.756 49.459 49.459 0.000 29.756 29.756 49.459 49.459 0.000 29.756 29.756 49.459 49.459 0.000 29.756 29.756 49.459 49.459 0.000
57.738 57.738 57.738 57.738 57.738 57.738 57.738 57.738 57.738 57.738 0.000 0.000 22.622 22.622 29.756 0.000 0.000 22.622 22.622 29.756 0.000 0.000 22.622 22.622 29.756 0.000 0.000 22.622 22.622 29.756 0.000 0.000 22.622 22.622 29.756 0.000 0.000 22.622 22.622 29.756 0.000 0.000 22.622 22.622 29.756 0.000 0.000 22.622 22.622 29.756 0.000 0.000 22.622 22.622 29.756 0.000 0.000 22.622 22.622 29.756
57.738 57.738 57.738 57.738 57.738 57.738 57.738 57.738 57.738 57.738 0.000 0.000 22.622 22.622 29.756 0.000 0.000 22.622 22.622 29.756 0.000 0.000 22.622 22.622 29.756 0.000 0.000 22.622 22.622 29.756 0.000 0.000 22.622 22.622 29.756 0.000 0.000 22.622 22.622 29.756 0.000 0.000 22.622 22.622 29.756 0.000 0.000 22.622 22.622 29.756 0.000 0.000 22.622 22.622 29.756 0.000 0.000 22.622 22.622 29.756
76.076 76.076 76.076 76.076 76.076 76.076 76.076 76.076 76.076 76.076 22.622 22.622 0.000 0.000 49.459 22.622 22.622 0.000 0.000 49.459 22.622 22.622 0.000 0.000 49.459 22.622 22.622 0.000 0.000 49.459 22.622 22.622 0.000 0.000 49.459 22.622 22.622 0.000 0.000 49.459 22.622 22.622 0.000 0.000 49.459 22.622 22.622 0.000 0.000 49.459 22.622 22.622 0.000 0.000 49.459 22.622 22.622 0.000 0.000 49.459
76.076 76.076 76.076 76.076 76.076 76.076 76.076 76.076 76.076 76.076 22.622 22.622 0.000 0.000 49.459 22.622 22.622 0.000 0.000 49.459 22.622 22.622 0.000 0.000 49.459 22.622 22.622 0.000 0.000 49.459 22.622 22.622 0.000 0.000 49.459 22.622 22.622 0.000 0.000 49.459 22.622 22.622 0.000 0.000 49.459 22.622 22.622 0.000 0.000 49.459 22.622 22.622 0.000 0.000 49.459 22.622 22.622 0.000 0.000 49.459
33.452 33.452 33.452 33.452 33.452 33.452 33.452 33.452 33.452 33.452 29.756 29.756 49.459 49.459 0.000 29.756 29.756 49.459 49.459 0.000 29.756 29.756 49.459 49.459 0.000 29.756 29.756 49.459 49.459 0.000 29.756 29.756 49.459 49.459 0.000 29.756 29.756 49.459 49.459 0.000 29.756 29.756 49.459 49.459 0.000 29.756 29.756 49.459 49.459 0.000 29.756 29.756 49.459 49.459 0.000 29.756 29.756 49.459 49.459 0.000
57.738 57.738 57.738 57.738 57.738 57.738 57.738 57.738 57.738 57.738 0.000 0.000 22.622 22.622 29.756 0.000 0.000 22.622 22.622 29.756 0.000 0.000 22.622 22.622 29.756 0.000 0.000 22.622 22.622 29.756 0.000 0.000 22.622 22.622 29.756 0.000 0.000 22.622 22.622 29.756 0.000 0.000 22.622 22.622 29.756 0.000 0.000 22.622 22.622 29.756 0.000 0.000 22.622 22.622 29.756 0.000 0.000 22.622 22.622 29.756
57.738 57.738 57.738 57.738 57.738 57.738 57.738 57.738 57.738 57.738 0.000 0.000 22.622 22.622 29.756 0.000 0.000 22.622 22.622 29.756 0.000 0.000 22.622 22.622 29.756 0.000 0.000 22.622 22.622 29.756 0.000 0.000 22.622 22.622 29.756 0.000 0.000 22.622 22.622 29.756 0.000 0.000 22.622 22.622 29.756 0.000 0.000 22.622 22.622 29.756 0.000 0.000 22.622 22.622 29.756 0.000 0.000 22.622 22.622 29.756
76.076 76.076 76.076 76.076 76.076 76.076 76.076 76.076 76.076 76.076 22.622 22.622 0.000 0.000 49.459 22.622 22.622 0.000 0.000 49.459 22.622 22.622 0.000 0.000 49.459 22.622 22.622 0.000 0.000 49.459 22.622 22.622 0.000 0.000 49.459 22.622 22.622 0.000 0.000 49.459 22.622 22.622 0.000 0.000 49.459 22.622 22.622 0.000 0.000 49.459 22.622 22.622 0.000 0.000 49.459 22.622 22.622 0.000 0.000 49.459
76.076 76.076 76.076 76.076 76.076 76.076 76.076 76.076 76.076 76.076 22.622 22.622 0.000 0.000 49.459 22.622 22.622 0.000 0.000 49.459 22.622 22.622 0.000 0.000 49.459 22.622 22.622 0.000 0.000 49.459 22.622 22.622 0.000 0.000 49.459 22.622 22.622 0.000 0.000 49.459 22.622 22.622 0.000 0.000 49.459 22.622 22.622 0.000 0.000 49.459 22.622 22.622 0.000 0.000 49.459 22.622 22.622 0.000 0.000 49.459
33.452 33.452 33.452 33.452 33.452 33.452 33.452 33.452 33.452 33.452 29.756 29.756 49.459 49.459 0.000 29.756 29.756 49.459 49.459 0.000 29.756 29.756 49.459 49.459 0.000 29.756 29.756 49.459 49.459 0.000 29.756 29.756 49.459 49.459 0.000 29.756 29.756 49.459 49.459 0.000 29.756 29.756 49.459 49.459 0.000 29.756 29.756 49.459 49.459 0.000 29.756 29.756 49.459 49.459 0.000 29.756 29.756 49.459 49.459 0.000
