1.000 -0.039 0.368 -0.086 -0.069 -0.069 -0.086 -0.069 -0.069 -0.086 -0.069 -0.069 -0.086 0.368 -0.039 -0.081 0.368 0.218 0.276 0.276 -0.114 -0.086 -0.086 -0.100 -0.069 -0.114 -0.086 -0.086 -0.100 -0.069 -0.114 -0.086 -0.086 -0.100 -0.069 -0.114 -0.086 -0.086 -0.100 -0.069
-0.039 1.000 -0.027 0.368 -0.056 -0.056 -0.069 -0.056 -0.056 -0.069 -0.056 -0.056 -0.069 -0.056 0.472 0.257 -0.056 -0.081 -0.069 -0.069 -0.092 -0.069 -0.069 -0.081 -0.056 -0.092 -0.069 -0.069 -0.081 -0.056 -0.092 -0.069 -0.069 -0.081 -0.056 -0.092 -0.069 -0.069 -0.081 -0.056
0.368 -0.027 1.000 -0.039 0.472 -0.056 -0.069 -0.056 -0.056 -0.069 -0.056 -0.056 -0.069 -0.056 -0.056 -0.092 -0.056 -0.081 -0.069 -0.069 0.257 -0.069 -0.069 -0.081 -0.056 -0.092 -0.069 -0.069 -0.081 -0.056 -0.092 -0.069 -0.069 -0.081 -0.056 -0.092 -0.069 -0.069 -0.081 -0.056
-0.086 0.368 -0.039 1.000 -0.039 0.368 -0.086 -0.069 -0.069 -0.086 -0.069 -0.069 -0.086 -0.069 -0.069 -0.114 -0.069 -0.100 -0.086 -0.086 -0.081 0.276 0.276 0.218 0.368 -0.114 -0.086 -0.086 -0.100 -0.069 -0.114 -0.086 -0.086 -0.100 -0.069 -0.114 -0.086 -0.086 -0.100 -0.069
-0.069 -0.056 0.472 -0.039 1.000 -0.027 0.368 -0.056 -0.056 -0.069 -0.056 -0.056 -0.069 -0.056 -0.056 -0.092 -0.056 -0.081 -0.069 -0.069 0.257 -0.069 -0.069 -0.081 -0.056 -0.092 -0.069 -0.069 -0.081 -0.056 -0.092 -0.069 -0.069 -0.081 -0.056 -0.092 -0.069 -0.069 -0.081 -0.056
-0.069 -0.056 -0.056 0.368 -0.027 1.000 -0.039 0.472 -0.056 -0.069 -0.056 -0.056 -0.069 -0.056 -0.056 -0.092 -0.056 -0.081 -0.069 -0.069 -0.092 -0.069 -0.069 -0.081 -0.056 0.257 -0.069 -0.069 -0.081 -0.056 -0.092 -0.069 -0.069 -0.081 -0.056 -0.092 -0.069 -0.069 -0.081 -0.056
-0.086 -0.069 -0.069 -0.086 0.368 -0.039 1.000 -0.039 0.368 -0.086 -0.069 -0.069 -0.086 -0.069 -0.069 -0.114 -0.069 -0.100 -0.086 -0.086 -0.114 -0.086 -0.086 -0.100 -0.069 -0.081 0.276 0.276 0.218 0.368 -0.114 -0.086 -0.086 -0.100 -0.069 -0.114 -0.086 -0.086 -0.100 -0.069
-0.069 -0.056 -0.056 -0.069 -0.056 0.472 -0.039 1.000 -0.027 0.368 -0.056 -0.056 -0.069 -0.056 -0.056 -0.092 -0.056 -0.081 -0.069 -0.069 -0.092 -0.069 -0.069 -0.081 -0.056 0.257 -0.069 -0.069 -0.081 -0.056 -0.092 -0.069 -0.069 -0.081 -0.056 -0.092 -0.069 -0.069 -0.081 -0.056
-0.069 -0.056 -0.056 -0.069 -0.056 -0.056 0.368 -0.027 1.000 -0.039 0.472 -0.056 -0.069 -0.056 -0.056 -0.092 -0.056 -0.081 -0.069 -0.069 -0.092 -0.069 -0.069 -0.081 -0.056 -0.092 -0.069 -0.069 -0.081 -0.056 0.257 -0.069 -0.069 -0.081 -0.056 -0.092 -0.069 -0.069 -0.081 -0.056
-0.086 -0.069 -0.069 -0.086 -0.069 -0.069 -0.086 0.368 -0.039 1.000 -0.039 0.368 -0.086 -0.069 -0.069 -0.114 -0.069 -0.100 -0.086 -0.086 -0.114 -0.086 -0.086 -0.100 -0.069 -0.114 -0.086 -0.086 -0.100 -0.069 -0.081 0.276 0.276 0.218 0.368 -0.114 -0.086 -0.086 -0.100 -0.069
-0.069 -0.056 -0.056 -0.069 -0.056 -0.056 -0.069 -0.056 0.472 -0.039 1.000 -0.027 0.368 -0.056 -0.056 -0.092 -0.056 -0.081 -0.069 -0.069 -0.092 -0.069 -0.069 -0.081 -0.056 -0.092 -0.069 -0.069 -0.081 -0.056 0.257 -0.069 -0.069 -0.081 -0.056 -0.092 -0.069 -0.069 -0.081 -0.056
-0.069 -0.056 -0.056 -0.069 -0.056 -0.056 -0.069 -0.056 -0.056 0.368 -0.027 1.000 -0.039 0.472 -0.056 -0.092 -0.056 -0.081 -0.069 -0.069 -0.092 -0.069 -0.069 -0.081 -0.056 -0.092 -0.069 -0.069 -0.081 -0.056 -0.092 -0.069 -0.069 -0.081 -0.056 0.257 -0.069 -0.069 -0.081 -0.056
-0.086 -0.069 -0.069 -0.086 -0.069 -0.069 -0.086 -0.069 -0.069 -0.086 0.368 -0.039 1.000 -0.039 0.368 -0.114 -0.069 -0.100 -0.086 -0.086 -0.114 -0.086 -0.086 -0.100 -0.069 -0.114 -0.086 -0.086 -0.100 -0.069 -0.114 -0.086 -0.086 -0.100 -0.069 -0.081 0.276 0.276 0.218 0.368
0.368 -0.056 -0.056 -0.069 -0.056 -0.056 -0.069 -0.056 -0.056 -0.069 -0.056 0.472 -0.039 1.000 -0.027 -0.092 -0.056 -0.081 -0.069 -0.069 -0.092 -0.069 -0.069 -0.081 -0.056 -0.092 -0.069 -0.069 -0.081 -0.056 -0.092 -0.069 -0.069 -0.081 -0.056 0.257 -0.069 -0.069 -0.081 -0.056
-0.039 0.472 -0.056 -0.069 -0.056 -0.056 -0.069 -0.056 -0.056 -0.069 -0.056 -0.056 0.368 -0.027 1.000 0.257 -0.056 -0.081 -0.069 -0.069 -0.092 -0.069 -0.069 -0.081 -0.056 -0.092 -0.069 -0.069 -0.081 -0.056 -0.092 -0.069 -0.069 -0.081 -0.056 -0.092 -0.069 -0.069 -0.081 -0.056
-0.081 0.257 -0.092 -0.114 -0.092 -0.092 -0.114 -0.092 -0.092 -0.114 -0.092 -0.092 -0.114 -0.092 0.257 1.000 0.479 0.854 0.687 0.687 -0.152 -0.114 -0.114 -0.134 -0.092 -0.152 -0.114 -0.114 -0.134 -0.092 -0.152 -0.114 -0.114 -0.134 -0.092 -0.152 -0.114 -0.114 -0.134 -0.092
0.368 -0.056 -0.056 -0.069 -0.056 -0.056 -0.069 -0.056 -0.056 -0.069 -0.056 -0.056 -0.069 -0.056 -0.056 0.479 1.000 0.562 0.805 0.805 -0.092 -0.069 -0.069 -0.081 -0.056 -0.092 -0.069 -0.069 -0.081 -0.056 -0.092 -0.069 -0.069 -0.081 -0.056 -0.092 -0.069 -0.069 -0.081 -0.056
0.218 -0.081 -0.081 -0.100 -0.081 -0.081 -0.100 -0.081 -0.081 -0.100 -0.081 -0.081 -0.100 -0.081 -0.081 0.854 0.562 1.000 0.805 0.805 -0.134 -0.100 -0.100 -0.118 -0.081 -0.134 -0.100 -0.100 -0.118 -0.081 -0.134 -0.100 -0.100 -0.118 -0.081 -0.134 -0.100 -0.100 -0.118 -0.081
0.276 -0.069 -0.069 -0.086 -0.069 -0.069 -0.086 -0.069 -0.069 -0.086 -0.069 -0.069 -0.086 -0.069 -0.069 0.687 0.805 0.805 1.000 1.000 -0.114 -0.086 -0.086 -0.100 -0.069 -0.114 -0.086 -0.086 -0.100 -0.069 -0.114 -0.086 -0.086 -0.100 -0.069 -0.114 -0.086 -0.086 -0.100 -0.069
0.276 -0.069 -0.069 -0.086 -0.069 -0.069 -0.086 -0.069 -0.069 -0.086 -0.069 -0.069 -0.086 -0.069 -0.069 0.687 0.805 0.805 1.000 1.000 -0.114 -0.086 -0.086 -0.100 -0.069 -0.114 -0.086 -0.086 -0.100 -0.069 -0.114 -0.086 -0.086 -0.100 -0.069 -0.114 -0.086 -0.086 -0.100 -0.069
-0.114 -0.092 0.257 -0.081 0.257 -0.092 -0.114 -0.092 -0.092 -0.114 -0.092 -0.092 -0.114 -0.092 -0.092 -0.152 -0.092 -0.134 -0.114 -0.114 1.000 0.687 0.687 0.854 0.479 -0.152 -0.114 -0.114 -0.134 -0.092 -0.152 -0.114 -0.114 -0.134 -0.092 -0.152 -0.114 -0.114 -0.134 -0.092
-0.086 -0.069 -0.069 0.276 -0.069 -0.069 -0.086 -0.069 -0.069 -0.086 -0.069 -0.069 -0.086 -0.069 -0.069 -0.114 -0.069 -0.100 -0.086 -0.086 0.687 1.000 1.000 0.805 0.805 -0.114 -0.086 -0.086 -0.100 -0.069 -0.114 -0.086 -0.086 -0.100 -0.069 -0.114 -0.086 -0.086 -0.100 -0.069
-0.086 -0.069 -0.069 0.276 -0.069 -0.069 -0.086 -0.069 -0.069 -0.086 -0.069 -0.069 -0.086 -0.069 -0.069 -0.114 -0.069 -0.100 -0.086 -0.086 0.687 1.000 1.000 0.805 0.805 -0.114 -0.086 -0.086 -0.100 -0.069 -0.114 -0.086 -0.086 -0.100 -0.069 -0.114 -0.086 -0.086 -0.100 -0.069
-0.100 -0.081 -0.081 0.218 -0.081 -0.081 -0.100 -0.081 -0.081 -0.100 -0.081 -0.081 -0.100 -0.081 -0.081 -0.134 -0.081 -0.118 -0.100 -0.100 0.854 0.805 0.805 1.000 0.562 -0.134 -0.100 -0.100 -0.118 -0.081 -0.134 -0.100 -0.100 -0.118 -0.081 -0.134 -0.100 -0.100 -0.118 -0.081
-0.069 -0.056 -0.056 0.368 -0.056 -0.056 -0.069 -0.056 -0.056 -0.069 -0.056 -0.056 -0.069 -0.056 -0.056 -0.092 -0.056 -0.081 -0.069 -0.069 0.479 0.805 0.805 0.562 1.000 -0.092 -0.069 -0.069 -0.081 -0.056 -0.092 -0.069 -0.069 -0.081 -0.056 -0.092 -0.069 -0.069 -0.081 -0.056
-0.114 -0.092 -0.092 -0.114 -0.092 0.257 -0.081 0.257 -0.092 -0.114 -0.092 -0.092 -0.114 -0.092 -0.092 -0.152 -0.092 -0.134 -0.114 -0.114 -0.152 -0.114 -0.114 -0.134 -0.092 1.000 0.687 0.687 0.854 0.479 -0.152 -0.114 -0.114 -0.134 -0.092 -0.152 -0.114 -0.114 -0.134 -0.092
-0.086 -0.069 -0.069 -0.086 -0.069 -0.069 0.276 -0.069 -0.069 -0.086 -0.069 -0.069 -0.086 -0.069 -0.069 -0.114 -0.069 -0.100 -0.086 -0.086 -0.114 -0.086 -0.086 -0.100 -0.069 0.687 1.000 1.000 0.805 0.805 -0.114 -0.086 -0.086 -0.100 -0.069 -0.114 -0.086 -0.086 -0.100 -0.069
-0.086 -0.069 -0.069 -0.086 -0.069 -0.069 0.276 -0.069 -0.069 -0.086 -0.069 -0.069 -0.086 -0.069 -0.069 -0.114 -0.069 -0.100 -0.086 -0.086 -0.114 -0.086 -0.086 -0.100 -0.069 0.687 1.000 1.000 0.805 0.805 -0.114 -0.086 -0.086 -0.100 -0.069 -0.114 -0.086 -0.086 -0.100 -0.069
-0.100 -0.081 -0.081 -0.100 -0.081 -0.081 0.218 -0.081 -0.081 -0.100 -0.081 -0.081 -0.100 -0.081 -0.081 -0.134 -0.081 -0.118 -0.100 -0.100 -0.134 -0.100 -0.100 -0.118 -0.081 0.854 0.805 0.805 1.000 0.562 -0.134 -0.100 -0.100 -0.118 -0.081 -0.134 -0.100 -0.100 -0.118 -0.081
-0.069 -0.056 -0.056 -0.069 -0.056 -0.056 0.368 -0.056 -0.056 -0.069 -0.056 -0.056 -0.069 -0.056 -0.056 -0.092 -0.056 -0.081 -0.069 -0.069 -0.092 -0.069 -0.069 -0.081 -0.056 0.479 0.805 0.805 0.562 1.000 -0.092 -0.069 -0.069 -0.081 -0.056 -0.092 -0.069 -0.069 -0.081 -0.056
-0.114 -0.092 -0.092 -0.114 -0.092 -0.092 -0.114 -0.092 0.257 -0.081 0.257 -0.092 -0.114 -0.092 -0.092 -0.152 -0.092 -0.134 -0.114 -0.114 -0.152 -0.114 -0.114 -0.134 -0.092 -0.152 -0.114 -0.114 -0.134 -0.092 1.000 0.687 0.687 0.854 0.479 -0.152 -0.114 -0.114 -0.134 -0.092
-0.086 -0.069 -0.069 -0.086 -0.069 -0.069 -0.086 -0.069 -0.069 0.276 -0.069 -0.069 -0.086 -0.069 -0.069 -0.114 -0.069 -0.100 -0.086 -0.086 -0.114 -0.086 -0.086 -0.100 -0.069 -0.114 -0.086 -0.086 -0.100 -0.069 0.687 1.000 1.000 0.805 0.805 -0.114 -0.086 -0.086 -0.100 -0.069
-0.086 -0.069 -0.069 -0.086 -0.069 -0.069 -0.086 -0.069 -0.069 0.276 -0.069 -0.069 -0.086 -0.069 -0.069 -0.114 -0.069 -0.100 -0.086 -0.086 -0.114 -0.086 -0.086 -0.100 -0.069 -0.114 -0.086 -0.086 -0.100 -0.069 0.687 1.000 1.000 0.805 0.805 -0.114 -0.086 -0.086 -0.100 -0.069
-0.100 -0.081 -0.081 -0.100 -0.081 -0.081 -0.100 -0.081 -0.081 0.218 -0.081 -0.081 -0.100 -0.081 -0.081 -0.134 -0.081 -0.118 -0.100 -0.100 -0.134 -0.100 -0.100 -0.118 -0.081 -0.134 -0.100 -0.100 -0.118 -0.081 0.854 0.805 0.805 1.000 0.562 -0.134 -0.100 -0.100 -0.118 -0.081
-0.069 -0.056 -0.056 -0.069 -0.056 -0.056 -0.069 -0.056 -0.056 0.368 -0.056 -0.056 -0.069 -0.056 -0.056 -0.092 -0.056 -0.081 -0.069 -0.069 -0.092 -0.069 -0.069 -0.081 -0.056 -0.092 -0.069 -0.069 -0.081 -0.056 0.479 0.805 0.805 0.562 1.000 -0.092 -0.069 -0.069 -0.081 -0.056
-0.114 -0.092 -0.092 -0.114 -0.092 -0.092 -0.114 -0.092 -0.092 -0.114 -0.092 0.257 -0.081 0.257 -0.092 -0.152 -0.092 -0.134 -0.114 -0.114 -0.152 -0.114 -0.114 -0.134 -0.092 -0.152 -0.114 -0.114 -0.134 -0.092 -0.152 -0.114 -0.114 -0.134 -0.092 1.000 0.687 0.687 0.854 0.479
-0.086 -0.069 -0.069 -0.086 -0.069 -0.069 -0.086 -0.069 -0.069 -0.086 -0.069 -0.069 0.276 -0.069 -0.069 -0.114 -0.069 -0.100 -0.086 -0.086 -0.114 -0.086 -0.086 -0.100 -0.069 -0.114 -0.086 -0.086 -0.100 -0.069 -0.114 -0.086 -0.086 -0.100 -0.069 0.687 1.000 1.000 0.805 0.805
-0.086 -0.069 -0.069 -0.086 -0.069 -0.069 -0.086 -0.069 -0.069 -0.086 -0.069 -0.069 0.276 -0.069 -0.069 -0.114 -0.069 -0.100 -0.086 -0.086 -0.114 -0.086 -0.086 -0.100 -0.069 -0.114 -0.086 -0.086 -0.100 -0.069 -0.114 -0.086 -0.086 -0.100 -0.069 0.687 1.000 1.000 0.805 0.805
-0.100 -0.081 -0.081 -0.100 -0.081 -0.081 -0.100 -0.081 -0.081 -0.100 -0.081 -0.081 0.218 -0.081 -0.081 -0.134 -0.081 -0.118 -0.100 -0.100 -0.134 -0.100 -0.100 -0.118 -0.081 -0.134 -0.100 -0.100 -0.118 -0.081 -0.134 -0.100 -0.100 -0.118 -0.081 0.854 0.805 0.805 1.000 0.562
-0.069 -0.056 -0.056 -0.069 -0.056 -0.056 -0.069 -0.056 -0.056 -0.069 -0.056 -0.056 0.368 -0.056 -0.056 -0.092 -0.056 -0.081 -0.069 -0.069 -0.092 -0.069 -0.069 -0.081 -0.056 -0.092 -0.069 -0.069 -0.081 -0.056 -0.092 -0.069 -0.069 -0.081 -0.056 0.479 0.805 0.805 0.562 1.000
