0.000 34.102 34.102 0.000 34.102 34.102 0.000 34.102 34.102 0.000 34.102 34.102 0.000 34.102 34.102 42.526 40.494 40.494 29.653 29.653 42.526 29.653 29.653 40.494 40.494 42.526 29.653 29.653 40.494 40.494 42.526 29.653 29.653 40.494 40.494 42.526 29.653 29.653 40.494 40.494
34.102 0.000 0.000 34.102 0.000 0.000 34.102 0.000 0.000 34.102 0.000 0.000 34.102 0.000 0.000 51.620 22.115 44.834 35.349 35.349 51.620 35.349 35.349 44.834 22.115 51.620 35.349 35.349 44.834 22.115 51.620 35.349 35.349 44.834 22.115 51.620 35.349 35.349 44.834 22.115
34.102 0.000 0.000 34.102 0.000 0.000 34.102 0.000 0.000 34.102 0.000 0.000 34.102 0.000 0.000 51.620 22.115 44.834 35.349 35.349 51.620 35.349 35.349 44.834 22.115 51.620 35.349 35.349 44.834 22.115 51.620 35.349 35.349 44.834 22.115 51.620 35.349 35.349 44.834 22.115
0.000 34.102 34.102 0.000 34.102 34.102 0.000 34.102 34.102 0.000 34.102 34.102 0.000 34.102 34.102 42.526 40.494 40.494 29.653 29.653 42.526 29.653 29.653 40.494 40.494 42.526 29.653 29.653 40.494 40.494 42.526 29.653 29.653 40.494 40.494 42.526 29.653 29.653 40.494 40.494
34.102 0.000 0.000 34.102 0.000 0.000 34.102 0.000 0.000 34.102 0.000 0.000 34.102 0.000 0.000 51.620 22.115 44.834 35.349 35.349 51.620 35.349 35.349 44.834 22.115 51.620 35.349 35.349 44.834 22.115 51.620 35.349 35.349 44.834 22.115 51.620 35.349 35.349 44.834 22.115
34.102 0.000 0.000 34.102 0.000 0.000 34.102 0.000 0.000 34.102 0.000 0.000 34.102 0.000 0.000 51.620 22.115 44.834 35.349 35.349 51.620 35.349 35.349 44.834 22.115 51.620 35.349 35.349 44.834 22.115 51.620 35.349 35.349 44.834 22.115 51.620 35.349 35.349 44.834 22.115
0.000 34.102 34.102 0.000 34.102 34.102 0.000 34.102 34.102 0.000 34.102 34.102 0.000 34.102 34.102 42.526 40.494 40.494 29.653 29.653 42.526 29.653 29.653 40.494 40.494 42.526 29.653 29.653 40.494 40.494 42.526 29.653 29.653 40.494 40.494 42.526 29.653 29.653 40.494 40.494
34.102 0.000 0.000 34.102 0.000 0.000 34.102 0.000 0.000 34.102 0.000 0.000 34.102 0.000 0.000 51.620 22.115 44.834 35.349 35.349 51.620 35.349 35.349 44.834 22.115 51.620 35.349 35.349 44.834 22.115 51.620 35.349 35.349 44.834 22.115 51.620 35.349 35.349 44.834 22.115
34.102 0.000 0.000 34.102 0.000 0.000 34.102 0.000 0.000 34.102 0.000 0.000 34.102 0.000 0.000 51.620 22.115 44.834 35.349 35.349 51.620 35.349 35.349 44.834 22.115 51.620 35.349 35.349 44.834 22.115 51.620 35.349 35.349 44.834 22.115 51.620 35.349 35.349 44.834 22.115
0.000 34.102 34.102 0.000 34.102 34.102 0.000 34.102 34.102 0.000 34.102 34.102 0.000 34.102 34.102 42.526 40.494 40.494 29.653 29.653 42.526 29.653 29.653 40.494 40.494 42.526 29.653 29.653 40.494 40.494 42.526 29.653 29.653 40.494 40.494 42.526 29.653 29.653 40.494 40.494
34.102 0.000 0.000 34.102 0.000 0.000 34.102 0.000 0.000 34.102 0.000 0.000 34.102 0.000 0.000 51.620 22.115 44.834 35.349 35.349 51.620 35.349 35.349 44.834 22.115 51.620 35.349 35.349 44.834 22.115 51.620 35.349 35.349 44.834 22.115 51.620 35.349 35.349 44.834 22.115
34.102 0.000 0.000 34.102 0.000 0.000 34.102 0.000 0.000 34.102 0.000 0.000 34.102 0.000 0.000 51.620 22.115 44.834 35.349 35.349 51.620 35.349 35.349 44.834 22.115 51.620 35.349 35.349 44.834 22.115 51.620 35.349 35.349 44.834 22.115 51.620 35.349 35.349 44.834 22.115
0.000 34.102 34.102 0.000 34.102 34.102 0.000 34.102 34.102 0.000 34.102 34.102 0.000 34.102 34.102 42.526 40.494 40.494 29.653 29.653 42.526 29.653 29.653 40.494 40.494 42.526 29.653 29.653 40.494 40.494 42.526 29.653 29.653 40.494 40.494 42.526 29.653 29.653 40.494 40.494
34.102 0.000 0.000 34.102 0.000 0.000 34.102 0.000 0.000 34.102 0.000 0.000 34.102 0.000 0.000 51.620 22.115 44.834 35.349 35.349 51.620 35.349 35.349 44.834 22.115 51.620 35.349 35.349 44.834 22.115 51.620 35.349 35.349 44.834 22.115 51.620 35.349 35.349 44.834 22.115
34.102 0.000 0.000 34.102 0.000 0.000 34.102 0.000 0.000 34.102 0.000 0.000 34.102 0.000 0.000 51.620 22.115 44.834 35.349 35.349 51.620 35.349 35.349 44.834 22.115 51.620 35.349 35.349 44.834 22.115 51.620 35.349 35.349 44.834 22.115 51.620 35.349 35.349 44.834 22.115
42.526 51.620 51.620 42.526 51.620 51.620 42.526 51.620 51.620 42.526 51.620 51.620 42.526 51.620 51.620 0.000 50.458 32.016 42.255 42.255 0.000 42.255 42.255 32.016 50.458 0.000 42.255 42.255 32.016 50.458 0.000 42.255 42.255 32.016 50.458 0.000 42.255 42.255 32.016 50.458
40.494 22.115 22.115 40.494 22.115 22.115 40.494 22.115 22.115 40.494 22.115 22.115 40.494 22.115 22.115 50.458 0.000 39.000 27.577 27.577 50.458 27.577 27.577 39.000 0.000 50.458 27.577 27.577 39.000 0.000 50.458 27.577 27.577 39.000 0.000 50.458 27.577 27.577 39.000 0.000
40.494 44.834 44.834 40.494 44.834 44.834 40.494 44.834 44.834 40.494 44.834 44.834 40.494 44.834 44.834 32.016 39.000 0.000 27.577 27.577 32.016 27.577 27.577 0.000 39.000 32.016 27.577 27.577 0.000 39.000 32.016 27.577 27.577 0.000 39.000 32.016 27.577 27.577 0.000 39.000
29.653 35.349 35.349 29.653 35.349 35.349 29.653 35.349 35.349 29.653 35.349 35.349 29.653 35.349 35.349 42.255 27.577 27.577 0.000 0.000 42.255 0.000 0.000 27.577 27.577 42.255 0.000 0.000 27.577 27.577 42.255 0.000 0.000 27.577 27.577 42.255 0.000 0.000 27.577 27.577
29.653 35.349 35.349 29.653 35.349 35.349 29.653 35.349 35.349 29.653 35.349 35.349 29.653 35.349 35.349 42.255 27.577 27.577 0.000 0.000 42.255 0.000 0.000 27.577 27.577 42.255 0.000 0.000 27.577 27.577 42.255 0.000 0.000 27.577 27.577 42.255 0.000 0.000 27.577 27.577
42.526 51.620 51.620 42.526 51.620 51.620 42.526 51.620 51.620 42.526 51.620 51.620 42.526 51.620 51.620 0.000 50.458 32.016 42.255 42.255 0.000 42.255 42.255 32.016 50.458 0.000 42.255 42.255 32.016 50.458 0.000 42.255 42.255 32.016 50.458 0.000 42.255 42.255 32.016 50.458
29.653 35.349 35.349 29.653 35.349 35.349 29.653 35.349 35.349 29.653 35.349 35.349 29.653 35.349 35.349 42.255 27.577 27.577 0.000 0.000 42.255 0.000 0.000 27.577 27.577 42.255 0.000 0.000 27.577 27.577 42.255 0.000 0.000 27.577 27.577 42.255 0.000 0.000 27.577 27.577
29.653 35.349 35.349 29.653 35.349 35.349 29.653 35.349 35.349 29.653 35.349 35.349 29.653 35.349 35.349 42.255 27.577 27.577 0.000 0.000 42.255 0.000 0.000 27.577 27.577 42.255 0.000 0.000 27.577 27.577 42.255 0.000 0.000 27.577 27.577 42.255 0.000 0.000 27.577 27.577
40.494 44.834 44.834 40.494 44.834 44.834 40.494 44.834 44.834 40.494 44.834 44.834 40.494 44.834 44.834 32.016 39.000 0.000 27.577 27.577 32.016 27.577 27.577 0.000 39.000 32.016 27.577 27.577 0.000 39.000 32.016 27.577 27.577 0.000 39.000 32.016 27.577 27.577 0.000 39.000
40.494 22.115 22.115 40.494 22.115 22.115 40.494 22.115 22.115 40.494 22.115 22.115 40.494 22.115 22.115 50.458 0.000 39.000 27.577 27.577 50.458 27.577 27.577 39.000 0.000 50.458 27.577 27.577 39.000 0.000 50.458 27.577 27.577 39.000 0.000 50.458 27.577 27.577 39.000 0.000
42.526 51.620 51.620 42.526 51.620 51.620 42.526 51.620 51.620 42.526 51.620 51.620 42.526 51.620 51.620 0.000 50.458 32.016 42.255 42.255 0.000 42.255 42.255 32.016 50.458 0.000 42.255 42.255 32.016 50.458 0.000 42.255 42.255 32.016 50.458 0.000 42.255 42.255 32.016 50.458
29.653 35.349 35.349 29.653 35.349 35.349 29.653 35.349 35.349 29.653 35.349 35.349 29.653 35.349 35.349 42.255 27.577 27.577 0.000 0.000 42.255 0.000 0.000 27.577 27.577 42.255 0.000 0.000 27.577 27.577 42.255 0.000 0.000 27.577 27.577 42.255 0.000 0.000 27.577 27.577
29.653 35.349 35.349 29.653 35.349 35.349 29.653 35.349 35.349 29.653 35.349 35.349 29.653 35.349 35.349 42.255 27.577 27.577 0.000 0.000 42.255 0.000 0.000 27.577 27.577 42.255 0.000 0.000 27.577 27.577 42.255 0.000 0.000 27.577 27.577 42.255 0.000 0.000 27.577 27.577
40.494 44.834 44.834 40.494 44.834 44.834 40.494 44.834 44.834 40.494 44.834 44.834 40.494 44.834 44.834 32.016 39.000 0.000 27.577 27.577 32.016 27.577 27.577 0.000 39.000 32.016 27.577 27.577 0.000 39.000 32.016 27.577 27.577 0.000 39.000 32.016 27.577 27.577 0.000 39.000
40.494 22.115 22.115 40.494 22.115 22.115 40.494 22.115 22.115 40.494 22.115 22.115 40.494 22.115 22.115 50.458 0.000 39.000 27.577 27.577 50.458 27.577 27.577 39.000 0.000 50.458 27.577 27.577 39.000 0.000 50.458 27.577 27.577 39.000 0.000 50.458 27.577 27.577 39.000 0.000
42.526 51.620 51.620 42.526 51.620 51.620 42.526 51.620 51.620 42.526 51.620 51.620 42.526 51.620 51.620 0.000 50.458 32.016 42.255 42.255 0.000 42.255 42.255 32.016 50.458 0.000 42.255 42.255 32.016 50.458 0.000 42.255 42.255 32.016 50.458 0.000 42.255 42.255 32.016 50.458
29.653 35.349 35.349 29.653 35.349 35.349 29.653 35.349 35.349 29.653 35.349 35.349 29.653 35.349 35.349 42.255 27.577 27.577 0.000 0.000 42.255 0.000 0.000 27.577 27.577 42.255 0.000 0.000 27.577 27.577 42.255 0.000 0.000 27.577 27.577 42.255 0.000 0.000 27.577 27.577
29.653 35.349 35.349 29.653 35.349 35.349 29.653 35.349 35.349 29.653 35.349 35.349 29.653 35.349 35.349 42.255 27.577 27.577 0.000 0.000 42.255 0.000 0.000 27.577 27.577 42.255 0.000 0.000 27.577 27.577 42.255 0.000 0.000 27.577 27.577 42.255 0.000 0.000 27.577 27.577
40.494 44.834 44.834 40.494 44.834 44.834 40.494 44.834 44.834 40.494 44.834 44.834 40.494 44.834 44.834 32.016 39.000 0.000 27.577 27.577 32.016 27.577 27.577 0.000 39.000 32.016 27.577 27.577 0.000 39.000 32.016 27.577 27.577 0.000 39.000 32.016 27.577 27.577 0.000 39.000
40.494 22.115 22.115 40.494 22.115 22.115 40.494 22.115 22.115 40.494 22.115 22.115 40.494 22.115 22.115 50.458 0.000 39.000 27.577 27.577 50.458 27.577 27.577 39.000 0.000 50.458 27.577 27.577 39.000 0.000 50.458 27.577 27.577 39.000 0.000 50.458 27.577 27.577 39.000 0.000
42.526 51.620 51.620 42.526 51.620 51.620 42.526 51.620 51.620 42.526 51.620 51.620 42.526 51.620 51.620 0.000 50.458 32.016 42.255 42.255 0.000 42.255 42.255 32.016 50.458 0.000 42.255 42.255 32.016 50.458 0.000 42.255 42.255 32.016 50.458 0.000 42.255 42.255 32.016 50.458
29.653 35.349 35.349 29.653 35.349 35.349 29.653 35.349 35.349 29.653 35.349 35.349 29.653 35.349 35.349 42.255 27.577 27.577 0.000 0.000 42.255 0.000 0.000 27.577 27.577 42.255 0.000 0.000 27.577 27.577 42.255 0.000 0.000 27.577 27.577 42.255 0.000 0.000 27.577 27.577
29.653 35.349 35.349 29.653 35.349 35.349 29.653 35.349 35.349 29.653 35.349 35.349 29.653 35.349 35.349 42.255 27.577 27.577 0.000 0.000 42.255 0.000 0.000 27.577 27.577 42.255 0.000 0.000 27.577 27.577 42.255 0.000 0.000 27.577 27.577 42.255 0.000 0.000 27.577 27.577
40.494 44.834 44.834 40.494 44.834 44.834 40.494 44.834 44.834 40.494 44.834 44.834 40.494 44.834 44.834 32.016 39.000 0.000 27.577 27.577 32.016 27.577 27.577 0.000 39.000 32.016 27.577 27.577 0.000 39.000 32.016 27.577 27.577 0.000 39.000 32.016 27.577 27.577 0.000 39.000
40.494 22.115 22.115 40.494 22.115 22.115 40.494 22.115 22.115 40.494 22.115 22.115 40.494 22.115 22.115 50.458 0.000 39.000 27.577 27.577 50.458 27.577 27.577 39.000 0.000 50.458 27.577 27.577 39.000 0.000 50.458 27.577 27.577 39.000 0.000 50.458 27.577 27.577 39.000 0.000
