0 1
1 4
2 3
3 4
4 1
5 4
6 3
7 4
8 1
9 4
10 3
11 4
12 1
13 4
14 3
15 4
16 1
17 4
18 3
19 4
20 1
21 4
22 3
23 4
24 1
25 4
26 3
27 4
28 1
29 4
30 3
31 4
32 1
33 4
34 3
35 4
36 1
37 4
38 3
39 4
40 0
41 2
42 2
43 2
44 2
45 0
46 2
47 2
48 2
49 2
50 0
51 2
52 2
53 2
54 2
55 0
56 2
57 2
58 2
59 2
60 0
61 2
62 2
63 2
64 2
65 0
66 2
67 2
68 2
69 2
70 0
71 2
72 2
73 2
74 2
75 0
76 2
77 2
78 2
79 2
80 0
81 2
82 2
83 2
84 2
85 0
86 2
87 2
88 2
89 2
90 0
91 2
92 2
93 2
94 2
95 0
96 2
97 2
98 2
99 2
100 0
101 2
102 2
103 2
104 2
105 0
106 2
107 2
108 2
109 2
110 0
111 2
112 2
113 2
114 2
115 0
116 2
117 2
118 2
119 2
120 0
121 2
122 2
123 2
124 2
125 0
126 2
127 2
128 2
129 2
130 0
131 2
132 2
133 2
134 2
135 0
136 2
137 2
138 2
139 2
