1.000 -0.018 0.389 -0.040 -0.032 -0.032 -0.040 -0.032 -0.032 -0.040 -0.032 -0.032 -0.040 -0.032 -0.032 -0.040 -0.032 -0.032 -0.040 -0.032 -0.032 -0.040 -0.032 -0.032 -0.040 -0.032 -0.032 -0.040 0.389 -0.018 -0.038 0.256 0.307 0.307 0.389 -0.052 -0.046 -0.040 -0.040 -0.032 -0.052 -0.046 -0.040 -0.040 -0.032 -0.052 -0.046 -0.040 -0.040 -0.032 -0.052 -0.046 -0.040 -0.040 -0.032 -0.052 -0.046 -0.040 -0.040 -0.032 -0.052 -0.046 -0.040 -0.040 -0.032 -0.052 -0.046 -0.040 -0.040 -0.032 -0.052 -0.046 -0.040 -0.040 -0.032 -0.052 -0.046 -0.040 -0.040 -0.032
-0.018 1.000 -0.013 0.389 -0.026 -0.026 -0.032 -0.026 -0.026 -0.032 -0.026 -0.026 -0.032 -0.026 -0.026 -0.032 -0.026 -0.026 -0.032 -0.026 -0.026 -0.032 -0.026 -0.026 -0.032 -0.026 -0.026 -0.032 -0.026 0.487 0.289 -0.038 -0.032 -0.032 -0.026 -0.042 -0.038 -0.032 -0.032 -0.026 -0.042 -0.038 -0.032 -0.032 -0.026 -0.042 -0.038 -0.032 -0.032 -0.026 -0.042 -0.038 -0.032 -0.032 -0.026 -0.042 -0.038 -0.032 -0.032 -0.026 -0.042 -0.038 -0.032 -0.032 -0.026 -0.042 -0.038 -0.032 -0.032 -0.026 -0.042 -0.038 -0.032 -0.032 -0.026 -0.042 -0.038 -0.032 -0.032 -0.026
0.389 -0.013 1.000 -0.018 0.487 -0.026 -0.032 -0.026 -0.026 -0.032 -0.026 -0.026 -0.032 -0.026 -0.026 -0.032 -0.026 -0.026 -0.032 -0.026 -0.026 -0.032 -0.026 -0.026 -0.032 -0.026 -0.026 -0.032 -0.026 -0.026 -0.042 -0.038 -0.032 -0.032 -0.026 0.289 -0.038 -0.032 -0.032 -0.026 -0.042 -0.038 -0.032 -0.032 -0.026 -0.042 -0.038 -0.032 -0.032 -0.026 -0.042 -0.038 -0.032 -0.032 -0.026 -0.042 -0.038 -0.032 -0.032 -0.026 -0.042 -0.038 -0.032 -0.032 -0.026 -0.042 -0.038 -0.032 -0.032 -0.026 -0.042 -0.038 -0.032 -0.032 -0.026 -0.042 -0.038 -0.032 -0.032 -0.026
-0.040 0.389 -0.018 1.000 -0.018 0.389 -0.040 -0.032 -0.032 -0.040 -0.032 -0.032 -0.040 -0.032 -0.032 -0.040 -0.032 -0.032 -0.040 -0.032 -0.032 -0.040 -0.032 -0.032 -0.040 -0.032 -0.032 -0.040 -0.032 -0.032 -0.052 -0.046 -0.040 -0.040 -0.032 -0.038 0.256 0.307 0.307 0.389 -0.052 -0.046 -0.040 -0.040 -0.032 -0.052 -0.046 -0.040 -0.040 -0.032 -0.052 -0.046 -0.040 -0.040 -0.032 -0.052 -0.046 -0.040 -0.040 -0.032 -0.052 -0.046 -0.040 -0.040 -0.032 -0.052 -0.046 -0.040 -0.040 -0.032 -0.052 -0.046 -0.040 -0.040 -0.032 -0.052 -0.046 -0.040 -0.040 -0.032
-0.032 -0.026 0.487 -0.018 1.000 -0.013 0.389 -0.026 -0.026 -0.032 -0.026 -0.026 -0.032 -0.026 -0.026 -0.032 -0.026 -0.026 -0.032 -0.026 -0.026 -0.032 -0.026 -0.026 -0.032 -0.026 -0.026 -0.032 -0.026 -0.026 -0.042 -0.038 -0.032 -0.032 -0.026 0.289 -0.038 -0.032 -0.032 -0.026 -0.042 -0.038 -0.032 -0.032 -0.026 -0.042 -0.038 -0.032 -0.032 -0.026 -0.042 -0.038 -0.032 -0.032 -0.026 -0.042 -0.038 -0.032 -0.032 -0.026 -0.042 -0.038 -0.032 -0.032 -0.026 -0.042 -0.038 -0.032 -0.032 -0.026 -0.042 -0.038 -0.032 -0.032 -0.026 -0.042 -0.038 -0.032 -0.032 -0.026
-0.032 -0.026 -0.026 0.389 -0.013 1.000 -0.018 0.487 -0.026 -0.032 -0.026 -0.026 -0.032 -0.026 -0.026 -0.032 -0.026 -0.026 -0.032 -0.026 -0.026 -0.032 -0.026 -0.026 -0.032 -0.026 -0.026 -0.032 -0.026 -0.026 -0.042 -0.038 -0.032 -0.032 -0.026 -0.042 -0.038 -0.032 -0.032 -0.026 0.289 -0.038 -0.032 -0.032 -0.026 -0.042 -0.038 -0.032 -0.032 -0.026 -0.042 -0.038 -0.032 -0.032 -0.026 -0.042 -0.038 -0.032 -0.032 -0.026 -0.042 -0.038 -0.032 -0.032 -0.026 -0.042 -0.038 -0.032 -0.032 -0.026 -0.042 -0.038 -0.032 -0.032 -0.026 -0.042 -0.038 -0.032 -0.032 -0.026
-0.040 -0.032 -0.032 -0.040 0.389 -0.018 1.000 -0.018 0.389 -0.040 -0.032 -0.032 -0.040 -0.032 -0.032 -0.040 -0.032 -0.032 -0.040 -0.032 -0.032 -0.040 -0.032 -0.032 -0.040 -0.032 -0.032 -0.040 -0.032 -0.032 -0.052 -0.046 -0.040 -0.040 -0.032 -0.052 -0.046 -0.040 -0.040 -0.032 -0.038 0.256 0.307 0.307 0.389 -0.052 -0.046 -0.040 -0.040 -0.032 -0.052 -0.046 -0.040 -0.040 -0.032 -0.052 -0.046 -0.040 -0.040 -0.032 -0.052 -0.046 -0.040 -0.040 -0.032 -0.052 -0.046 -0.040 -0.040 -0.032 -0.052 -0.046 -0.040 -0.040 -0.032 -0.052 -0.046 -0.040 -0.040 -0.032
-0.032 -0.026 -0.026 -0.032 -0.026 0.487 -0.018 1.000 -0.013 0.389 -0.026 -0.026 -0.032 -0.026 -0.026 -0.032 -0.026 -0.026 -0.032 -0.026 -0.026 -0.032 -0.026 -0.026 -0.032 -0.026 -0.026 -0.032 -0.026 -0.026 -0.042 -0.038 -0.032 -0.032 -0.026 -0.042 -0.038 -0.032 -0.032 -0.026 0.289 -0.038 -0.032 -0.032 -0.026 -0.042 -0.038 -0.032 -0.032 -0.026 -0.042 -0.038 -0.032 -0.032 -0.026 -0.042 -0.038 -0.032 -0.032 -0.026 -0.042 -0.038 -0.032 -0.032 -0.026 -0.042 -0.038 -0.032 -0.032 -0.026 -0.042 -0.038 -0.032 -0.032 -0.026 -0.042 -0.038 -0.032 -0.032 -0.026
-0.032 -0.026 -0.026 -0.032 -0.026 -0.026 0.389 -0.013 1.000 -0.018 0.487 -0.026 -0.032 -0.026 -0.026 -0.032 -0.026 -0.026 -0.032 -0.026 -0.026 -0.032 -0.026 -0.026 -0.032 -0.026 -0.026 -0.032 -0.026 -0.026 -0.042 -0.038 -0.032 -0.032 -0.026 -0.042 -0.038 -0.032 -0.032 -0.026 -0.042 -0.038 -0.032 -0.032 -0.026 0.289 -0.038 -0.032 -0.032 -0.026 -0.042 -0.038 -0.032 -0.032 -0.026 -0.042 -0.038 -0.032 -0.032 -0.026 -0.042 -0.038 -0.032 -0.032 -0.026 -0.042 -0.038 -0.032 -0.032 -0.026 -0.042 -0.038 -0.032 -0.032 -0.026 -0.042 -0.038 -0.032 -0.032 -0.026
-0.040 -0.032 -0.032 -0.040 -0.032 -0.032 -0.040 0.389 -0.018 1.000 -0.018 0.389 -0.040 -0.032 -0.032 -0.040 -0.032 -0.032 -0.040 -0.032 -0.032 -0.040 -0.032 -0.032 -0.040 -0.032 -0.032 -0.040 -0.032 -0.032 -0.052 -0.046 -0.040 -0.040 -0.032 -0.052 -0.046 -0.040 -0.040 -0.032 -0.052 -0.046 -0.040 -0.040 -0.032 -0.038 0.256 0.307 0.307 0.389 -0.052 -0.046 -0.040 -0.040 -0.032 -0.052 -0.046 -0.040 -0.040 -0.032 -0.052 -0.046 -0.040 -0.040 -0.032 -0.052 -0.046 -0.040 -0.040 -0.032 -0.052 -0.046 -0.040 -0.040 -0.032 -0.052 -0.046 -0.040 -0.040 -0.032
-0.032 -0.026 -0.026 -0.032 -0.026 -0.026 -0.032 -0.026 0.487 -0.018 1.000 -0.013 0.389 -0.026 -0.026 -0.032 -0.026 -0.026 -0.032 -0.026 -0.026 -0.032 -0.026 -0.026 -0.032 -0.026 -0.026 -0.032 -0.026 -0.026 -0.042 -0.038 -0.032 -0.032 -0.026 -0.042 -0.038 -0.032 -0.032 -0.026 -0.042 -0.038 -0.032 -0.032 -0.026 0.289 -0.038 -0.032 -0.032 -0.026 -0.042 -0.038 -0.032 -0.032 -0.026 -0.042 -0.038 -0.032 -0.032 -0.026 -0.042 -0.038 -0.032 -0.032 -0.026 -0.042 -0.038 -0.032 -0.032 -0.026 -0.042 -0.038 -0.032 -0.032 -0.026 -0.042 -0.038 -0.032 -0.032 -0.026
-0.032 -0.026 -0.026 -0.032 -0.026 -0.026 -0.032 -0.026 -0.026 0.389 -0.013 1.000 -0.018 0.487 -0.026 -0.032 -0.026 -0.026 -0.032 -0.026 -0.026 -0.032 -0.026 -0.026 -0.032 -0.026 -0.026 -0.032 -0.026 -0.026 -0.042 -0.038 -0.032 -0.032 -0.026 -0.042 -0.038 -0.032 -0.032 -0.026 -0.042 -0.038 -0.032 -0.032 -0.026 -0.042 -0.038 -0.032 -0.032 -0.026 0.289 -0.038 -0.032 -0.032 -0.026 -0.042 -0.038 -0.032 -0.032 -0.026 -0.042 -0.038 -0.032 -0.032 -0.026 -0.042 -0.038 -0.032 -0.032 -0.026 -0.042 -0.038 -0.032 -0.032 -0.026 -0.042 -0.038 -0.032 -0.032 -0.026
-0.040 -0.032 -0.032 -0.040 -0.032 -0.032 -0.040 -0.032 -0.032 -0.040 0.389 -0.018 1.000 -0.018 0.389 -0.040 -0.032 -0.032 -0.040 -0.032 -0.032 -0.040 -0.032 -0.032 -0.040 -0.032 -0.032 -0.040 -0.032 -0.032 -0.052 -0.046 -0.040 -0.040 -0.032 -0.052 -0.046 -0.040 -0.040 -0.032 -0.052 -0.046 -0.040 -0.040 -0.032 -0.052 -0.046 -0.040 -0.040 -0.032 -0.038 0.256 0.307 0.307 0.389 -0.052 -0.046 -0.040 -0.040 -0.032 -0.052 -0.046 -0.040 -0.040 -0.032 -0.052 -0.046 -0.040 -0.040 -0.032 -0.052 -0.046 -0.040 -0.040 -0.032 -0.052 -0.046 -0.040 -0.040 -0.032
-0.032 -0.026 -0.026 -0.032 -0.026 -0.026 -0.032 -0.026 -0.026 -0.032 -0.026 0.487 -0.018 1.000 -0.013 0.389 -0.026 -0.026 -0.032 -0.026 -0.026 -0.032 -0.026 -0.026 -0.032 -0.026 -0.026 -0.032 -0.026 -0.026 -0.042 -0.038 -0.032 -0.032 -0.026 -0.042 -0.038 -0.032 -0.032 -0.026 -0.042 -0.038 -0.032 -0.032 -0.026 -0.042 -0.038 -0.032 -0.032 -0.026 0.289 -0.038 -0.032 -0.032 -0.026 -0.042 -0.038 -0.032 -0.032 -0.026 -0.042 -0.038 -0.032 -0.032 -0.026 -0.042 -0.038 -0.032 -0.032 -0.026 -0.042 -0.038 -0.032 -0.032 -0.026 -0.042 -0.038 -0.032 -0.032 -0.026
-0.032 -0.026 -0.026 -0.032 -0.026 -0.026 -0.032 -0.026 -0.026 -0.032 -0.026 -0.026 0.389 -0.013 1.000 -0.018 0.487 -0.026 -0.032 -0.026 -0.026 -0.032 -0.026 -0.026 -0.032 -0.026 -0.026 -0.032 -0.026 -0.026 -0.042 -0.038 -0.032 -0.032 -0.026 -0.042 -0.038 -0.032 -0.032 -0.026 -0.042 -0.038 -0.032 -0.032 -0.026 -0.042 -0.038 -0.032 -0.032 -0.026 -0.042 -0.038 -0.032 -0.032 -0.026 0.289 -0.038 -0.032 -0.032 -0.026 -0.042 -0.038 -0.032 -0.032 -0.026 -0.042 -0.038 -0.032 -0.032 -0.026 -0.042 -0.038 -0.032 -0.032 -0.026 -0.042 -0.038 -0.032 -0.032 -0.026
-0.040 -0.032 -0.032 -0.040 -0.032 -0.032 -0.040 -0.032 -0.032 -0.040 -0.032 -0.032 -0.040 0.389 -0.018 1.000 -0.018 0.389 -0.040 -0.032 -0.032 -0.040 -0.032 -0.032 -0.040 -0.032 -0.032 -0.040 -0.032 -0.032 -0.052 -0.046 -0.040 -0.040 -0.032 -0.052 -0.046 -0.040 -0.040 -0.032 -0.052 -0.046 -0.040 -0.040 -0.032 -0.052 -0.046 -0.040 -0.040 -0.032 -0.052 -0.046 -0.040 -0.040 -0.032 -0.038 0.256 0.307 0.307 0.389 -0.052 -0.046 -0.040 -0.040 -0.032 -0.052 -0.046 -0.040 -0.040 -0.032 -0.052 -0.046 -0.040 -0.040 -0.032 -0.052 -0.046 -0.040 -0.040 -0.032
-0.032 -0.026 -0.026 -0.032 -0.026 -0.026 -0.032 -0.026 -0.026 -0.032 -0.026 -0.026 -0.032 -0.026 0.487 -0.018 1.000 -0.013 0.389 -0.026 -0.026 -0.032 -0.026 -0.026 -0.032 -0.026 -0.026 -0.032 -0.026 -0.026 -0.042 -0.038 -0.032 -0.032 -0.026 -0.042 -0.038 -0.032 -0.032 -0.026 -0.042 -0.038 -0.032 -0.032 -0.026 -0.042 -0.038 -0.032 -0.032 -0.026 -0.042 -0.038 -0.032 -0.032 -0.026 0.289 -0.038 -0.032 -0.032 -0.026 -0.042 -0.038 -0.032 -0.032 -0.026 -0.042 -0.038 -0.032 -0.032 -0.026 -0.042 -0.038 -0.032 -0.032 -0.026 -0.042 -0.038 -0.032 -0.032 -0.026
-0.032 -0.026 -0.026 -0.032 -0.026 -0.026 -0.032 -0.026 -0.026 -0.032 -0.026 -0.026 -0.032 -0.026 -0.026 0.389 -0.013 1.000 -0.018 0.487 -0.026 -0.032 -0.026 -0.026 -0.032 -0.026 -0.026 -0.032 -0.026 -0.026 -0.042 -0.038 -0.032 -0.032 -0.026 -0.042 -0.038 -0.032 -0.032 -0.026 -0.042 -0.038 -0.032 -0.032 -0.026 -0.042 -0.038 -0.032 -0.032 -0.026 -0.042 -0.038 -0.032 -0.032 -0.026 -0.042 -0.038 -0.032 -0.032 -0.026 0.289 -0.038 -0.032 -0.032 -0.026 -0.042 -0.038 -0.032 -0.032 -0.026 -0.042 -0.038 -0.032 -0.032 -0.026 -0.042 -0.038 -0.032 -0.032 -0.026
-0.040 -0.032 -0.032 -0.040 -0.032 -0.032 -0.040 -0.032 -0.032 -0.040 -0.032 -0.032 -0.040 -0.032 -0.032 -0.040 0.389 -0.018 1.000 -0.018 0.389 -0.040 -0.032 -0.032 -0.040 -0.032 -0.032 -0.040 -0.032 -0.032 -0.052 -0.046 -0.040 -0.040 -0.032 -0.052 -0.046 -0.040 -0.040 -0.032 -0.052 -0.046 -0.040 -0.040 -0.032 -0.052 -0.046 -0.040 -0.040 -0.032 -0.052 -0.046 -0.040 -0.040 -0.032 -0.052 -0.046 -0.040 -0.040 -0.032 -0.038 0.256 0.307 0.307 0.389 -0.052 -0.046 -0.040 -0.040 -0.032 -0.052 -0.046 -0.040 -0.040 -0.032 -0.052 -0.046 -0.040 -0.040 -0.032
-0.032 -0.026 -0.026 -0.032 -0.026 -0.026 -0.032 -0.026 -0.026 -0.032 -0.026 -0.026 -0.032 -0.026 -0.026 -0.032 -0.026 0.487 -0.018 1.000 -0.013 0.389 -0.026 -0.026 -0.032 -0.026 -0.026 -0.032 -0.026 -0.026 -0.042 -0.038 -0.032 -0.032 -0.026 -0.042 -0.038 -0.032 -0.032 -0.026 -0.042 -0.038 -0.032 -0.032 -0.026 -0.042 -0.038 -0.032 -0.032 -0.026 -0.042 -0.038 -0.032 -0.032 -0.026 -0.042 -0.038 -0.032 -0.032 -0.026 0.289 -0.038 -0.032 -0.032 -0.026 -0.042 -0.038 -0.032 -0.032 -0.026 -0.042 -0.038 -0.032 -0.032 -0.026 -0.042 -0.038 -0.032 -0.032 -0.026
-0.032 -0.026 -0.026 -0.032 -0.026 -0.026 -0.032 -0.026 -0.026 -0.032 -0.026 -0.026 -0.032 -0.026 -0.026 -0.032 -0.026 -0.026 0.389 -0.013 1.000 -0.018 0.487 -0.026 -0.032 -0.026 -0.026 -0.032 -0.026 -0.026 -0.042 -0.038 -0.032 -0.032 -0.026 -0.042 -0.038 -0.032 -0.032 -0.026 -0.042 -0.038 -0.032 -0.032 -0.026 -0.042 -0.038 -0.032 -0.032 -0.026 -0.042 -0.038 -0.032 -0.032 -0.026 -0.042 -0.038 -0.032 -0.032 -0.026 -0.042 -0.038 -0.032 -0.032 -0.026 0.289 -0.038 -0.032 -0.032 -0.026 -0.042 -0.038 -0.032 -0.032 -0.026 -0.042 -0.038 -0.032 -0.032 -0.026
-0.040 -0.032 -0.032 -0.040 -0.032 -0.032 -0.040 -0.032 -0.032 -0.040 -0.032 -0.032 -0.040 -0.032 -0.032 -0.040 -0.032 -0.032 -0.040 0.389 -0.018 1.000 -0.018 0.389 -0.040 -0.032 -0.032 -0.040 -0.032 -0.032 -0.052 -0.046 -0.040 -0.040 -0.032 -0.052 -0.046 -0.040 -0.040 -0.032 -0.052 -0.046 -0.040 -0.040 -0.032 -0.052 -0.046 -0.040 -0.040 -0.032 -0.052 -0.046 -0.040 -0.040 -0.032 -0.052 -0.046 -0.040 -0.040 -0.032 -0.052 -0.046 -0.040 -0.040 -0.032 -0.038 0.256 0.307 0.307 0.389 -0.052 -0.046 -0.040 -0.040 -0.032 -0.052 -0.046 -0.040 -0.040 -0.032
-0.032 -0.026 -0.026 -0.032 -0.026 -0.026 -0.032 -0.026 -0.026 -0.032 -0.026 -0.026 -0.032 -0.026 -0.026 -0.032 -0.026 -0.026 -0.032 -0.026 0.487 -0.018 1.000 -0.013 0.389 -0.026 -0.026 -0.032 -0.026 -0.026 -0.042 -0.038 -0.032 -0.032 -0.026 -0.042 -0.038 -0.032 -0.032 -0.026 -0.042 -0.038 -0.032 -0.032 -0.026 -0.042 -0.038 -0.032 -0.032 -0.026 -0.042 -0.038 -0.032 -0.032 -0.026 -0.042 -0.038 -0.032 -0.032 -0.026 -0.042 -0.038 -0.032 -0.032 -0.026 0.289 -0.038 -0.032 -0.032 -0.026 -0.042 -0.038 -0.032 -0.032 -0.026 -0.042 -0.038 -0.032 -0.032 -0.026
-0.032 -0.026 -0.026 -0.032 -0.026 -0.026 -0.032 -0.026 -0.026 -0.032 -0.026 -0.026 -0.032 -0.026 -0.026 -0.032 -0.026 -0.026 -0.032 -0.026 -0.026 0.389 -0.013 1.000 -0.018 0.487 -0.026 -0.032 -0.026 -0.026 -0.042 -0.038 -0.032 -0.032 -0.026 -0.042 -0.038 -0.032 -0.032 -0.026 -0.042 -0.038 -0.032 -0.032 -0.026 -0.042 -0.038 -0.032 -0.032 -0.026 -0.042 -0.038 -0.032 -0.032 -0.026 -0.042 -0.038 -0.032 -0.032 -0.026 -0.042 -0.038 -0.032 -0.032 -0.026 -0.042 -0.038 -0.032 -0.032 -0.026 0.289 -0.038 -0.032 -0.032 -0.026 -0.042 -0.038 -0.032 -0.032 -0.026
-0.040 -0.032 -0.032 -0.040 -0.032 -0.032 -0.040 -0.032 -0.032 -0.040 -0.032 -0.032 -0.040 -0.032 -0.032 -0.040 -0.032 -0.032 -0.040 -0.032 -0.032 -0.040 0.389 -0.018 1.000 -0.018 0.389 -0.040 -0.032 -0.032 -0.052 -0.046 -0.040 -0.040 -0.032 -0.052 -0.046 -0.040 -0.040 -0.032 -0.052 -0.046 -0.040 -0.040 -0.032 -0.052 -0.046 -0.040 -0.040 -0.032 -0.052 -0.046 -0.040 -0.040 -0.032 -0.052 -0.046 -0.040 -0.040 -0.032 -0.052 -0.046 -0.040 -0.040 -0.032 -0.052 -0.046 -0.040 -0.040 -0.032 -0.038 0.256 0.307 0.307 0.389 -0.052 -0.046 -0.040 -0.040 -0.032
-0.032 -0.026 -0.026 -0.032 -0.026 -0.026 -0.032 -0.026 -0.026 -0.032 -0.026 -0.026 -0.032 -0.026 -0.026 -0.032 -0.026 -0.026 -0.032 -0.026 -0.026 -0.032 -0.026 0.487 -0.018 1.000 -0.013 0.389 -0.026 -0.026 -0.042 -0.038 -0.032 -0.032 -0.026 -0.042 -0.038 -0.032 -0.032 -0.026 -0.042 -0.038 -0.032 -0.032 -0.026 -0.042 -0.038 -0.032 -0.032 -0.026 -0.042 -0.038 -0.032 -0.032 -0.026 -0.042 -0.038 -0.032 -0.032 -0.026 -0.042 -0.038 -0.032 -0.032 -0.026 -0.042 -0.038 -0.032 -0.032 -0.026 0.289 -0.038 -0.032 -0.032 -0.026 -0.042 -0.038 -0.032 -0.032 -0.026
-0.032 -0.026 -0.026 -0.032 -0.026 -0.026 -0.032 -0.026 -0.026 -0.032 -0.026 -0.026 -0.032 -0.026 -0.026 -0.032 -0.026 -0.026 -0.032 -0.026 -0.026 -0.032 -0.026 -0.026 0.389 -0.013 1.000 -0.018 0.487 -0.026 -0.042 -0.038 -0.032 -0.032 -0.026 -0.042 -0.038 -0.032 -0.032 -0.026 -0.042 -0.038 -0.032 -0.032 -0.026 -0.042 -0.038 -0.032 -0.032 -0.026 -0.042 -0.038 -0.032 -0.032 -0.026 -0.042 -0.038 -0.032 -0.032 -0.026 -0.042 -0.038 -0.032 -0.032 -0.026 -0.042 -0.038 -0.032 -0.032 -0.026 -0.042 -0.038 -0.032 -0.032 -0.026 0.289 -0.038 -0.032 -0.032 -0.026
-0.040 -0.032 -0.032 -0.040 -0.032 -0.032 -0.040 -0.032 -0.032 -0.040 -0.032 -0.032 -0.040 -0.032 -0.032 -0.040 -0.032 -0.032 -0.040 -0.032 -0.032 -0.040 -0.032 -0.032 -0.040 0.389 -0.018 1.000 -0.018 0.389 -0.052 -0.046 -0.040 -0.040 -0.032 -0.052 -0.046 -0.040 -0.040 -0.032 -0.052 -0.046 -0.040 -0.040 -0.032 -0.052 -0.046 -0.040 -0.040 -0.032 -0.052 -0.046 -0.040 -0.040 -0.032 -0.052 -0.046 -0.040 -0.040 -0.032 -0.052 -0.046 -0.040 -0.040 -0.032 -0.052 -0.046 -0.040 -0.040 -0.032 -0.052 -0.046 -0.040 -0.040 -0.032 -0.038 0.256 0.307 0.307 0.389
0.389 -0.026 -0.026 -0.032 -0.026 -0.026 -0.032 -0.026 -0.026 -0.032 -0.026 -0.026 -0.032 -0.026 -0.026 -0.032 -0.026 -0.026 -0.032 -0.026 -0.026 -0.032 -0.026 -0.026 -0.032 -0.026 0.487 -0.018 1.000 -0.013 -0.042 -0.038 -0.032 -0.032 -0.026 -0.042 -0.038 -0.032 -0.032 -0.026 -0.042 -0.038 -0.032 -0.032 -0.026 -0.042 -0.038 -0.032 -0.032 -0.026 -0.042 -0.038 -0.032 -0.032 -0.026 -0.042 -0.038 -0.032 -0.032 -0.026 -0.042 -0.038 -0.032 -0.032 -0.026 -0.042 -0.038 -0.032 -0.032 -0.026 -0.042 -0.038 -0.032 -0.032 -0.026 0.289 -0.038 -0.032 -0.032 -0.026
-0.018 0.487 -0.026 -0.032 -0.026 -0.026 -0.032 -0.026 -0.026 -0.032 -0.026 -0.026 -0.032 -0.026 -0.026 -0.032 -0.026 -0.026 -0.032 -0.026 -0.026 -0.032 -0.026 -0.026 -0.032 -0.026 -0.026 0.389 -0.013 1.000 0.289 -0.038 -0.032 -0.032 -0.026 -0.042 -0.038 -0.032 -0.032 -0.026 -0.042 -0.038 -0.032 -0.032 -0.026 -0.042 -0.038 -0.032 -0.032 -0.026 -0.042 -0.038 -0.032 -0.032 -0.026 -0.042 -0.038 -0.032 -0.032 -0.026 -0.042 -0.038 -0.032 -0.032 -0.026 -0.042 -0.038 -0.032 -0.032 -0.026 -0.042 -0.038 -0.032 -0.032 -0.026 -0.042 -0.038 -0.032 -0.032 -0.026
-0.038 0.289 -0.042 -0.052 -0.042 -0.042 -0.052 -0.042 -0.042 -0.052 -0.042 -0.042 -0.052 -0.042 -0.042 -0.052 -0.042 -0.042 -0.052 -0.042 -0.042 -0.052 -0.042 -0.042 -0.052 -0.042 -0.042 -0.052 -0.042 0.289 1.000 0.860 0.698 0.698 0.490 -0.068 -0.061 -0.052 -0.052 -0.042 -0.068 -0.061 -0.052 -0.052 -0.042 -0.068 -0.061 -0.052 -0.052 -0.042 -0.068 -0.061 -0.052 -0.052 -0.042 -0.068 -0.061 -0.052 -0.052 -0.042 -0.068 -0.061 -0.052 -0.052 -0.042 -0.068 -0.061 -0.052 -0.052 -0.042 -0.068 -0.061 -0.052 -0.052 -0.042 -0.068 -0.061 -0.052 -0.052 -0.042
0.256 -0.038 -0.038 -0.046 -0.038 -0.038 -0.046 -0.038 -0.038 -0.046 -0.038 -0.038 -0.046 -0.038 -0.038 -0.046 -0.038 -0.038 -0.046 -0.038 -0.038 -0.046 -0.038 -0.038 -0.046 -0.038 -0.038 -0.046 -0.038 -0.038 0.860 1.000 0.811 0.811 0.570 -0.061 -0.054 -0.046 -0.046 -0.038 -0.061 -0.054 -0.046 -0.046 -0.038 -0.061 -0.054 -0.046 -0.046 -0.038 -0.061 -0.054 -0.046 -0.046 -0.038 -0.061 -0.054 -0.046 -0.046 -0.038 -0.061 -0.054 -0.046 -0.046 -0.038 -0.061 -0.054 -0.046 -0.046 -0.038 -0.061 -0.054 -0.046 -0.046 -0.038 -0.061 -0.054 -0.046 -0.046 -0.038
0.307 -0.032 -0.032 -0.040 -0.032 -0.032 -0.040 -0.032 -0.032 -0.040 -0.032 -0.032 -0.040 -0.032 -0.032 -0.040 -0.032 -0.032 -0.040 -0.032 -0.032 -0.040 -0.032 -0.032 -0.040 -0.032 -0.032 -0.040 -0.032 -0.032 0.698 0.811 1.000 1.000 0.811 -0.052 -0.046 -0.040 -0.040 -0.032 -0.052 -0.046 -0.040 -0.040 -0.032 -0.052 -0.046 -0.040 -0.040 -0.032 -0.052 -0.046 -0.040 -0.040 -0.032 -0.052 -0.046 -0.040 -0.040 -0.032 -0.052 -0.046 -0.040 -0.040 -0.032 -0.052 -0.046 -0.040 -0.040 -0.032 -0.052 -0.046 -0.040 -0.040 -0.032 -0.052 -0.046 -0.040 -0.040 -0.032
0.307 -0.032 -0.032 -0.040 -0.032 -0.032 -0.040 -0.032 -0.032 -0.040 -0.032 -0.032 -0.040 -0.032 -0.032 -0.040 -0.032 -0.032 -0.040 -0.032 -0.032 -0.040 -0.032 -0.032 -0.040 -0.032 -0.032 -0.040 -0.032 -0.032 0.698 0.811 1.000 1.000 0.811 -0.052 -0.046 -0.040 -0.040 -0.032 -0.052 -0.046 -0.040 -0.040 -0.032 -0.052 -0.046 -0.040 -0.040 -0.032 -0.052 -0.046 -0.040 -0.040 -0.032 -0.052 -0.046 -0.040 -0.040 -0.032 -0.052 -0.046 -0.040 -0.040 -0.032 -0.052 -0.046 -0.040 -0.040 -0.032 -0.052 -0.046 -0.040 -0.040 -0.032 -0.052 -0.046 -0.040 -0.040 -0.032
0.389 -0.026 -0.026 -0.032 -0.026 -0.026 -0.032 -0.026 -0.026 -0.032 -0.026 -0.026 -0.032 -0.026 -0.026 -0.032 -0.026 -0.026 -0.032 -0.026 -0.026 -0.032 -0.026 -0.026 -0.032 -0.026 -0.026 -0.032 -0.026 -0.026 0.490 0.570 0.811 0.811 1.000 -0.042 -0.038 -0.032 -0.032 -0.026 -0.042 -0.038 -0.032 -0.032 -0.026 -0.042 -0.038 -0.032 -0.032 -0.026 -0.042 -0.038 -0.032 -0.032 -0.026 -0.042 -0.038 -0.032 -0.032 -0.026 -0.042 -0.038 -0.032 -0.032 -0.026 -0.042 -0.038 -0.032 -0.032 -0.026 -0.042 -0.038 -0.032 -0.032 -0.026 -0.042 -0.038 -0.032 -0.032 -0.026
-0.052 -0.042 0.289 -0.038 0.289 -0.042 -0.052 -0.042 -0.042 -0.052 -0.042 -0.042 -0.052 -0.042 -0.042 -0.052 -0.042 -0.042 -0.052 -0.042 -0.042 -0.052 -0.042 -0.042 -0.052 -0.042 -0.042 -0.052 -0.042 -0.042 -0.068 -0.061 -0.052 -0.052 -0.042 1.000 0.860 0.698 0.698 0.490 -0.068 -0.061 -0.052 -0.052 -0.042 -0.068 -0.061 -0.052 -0.052 -0.042 -0.068 -0.061 -0.052 -0.052 -0.042 -0.068 -0.061 -0.052 -0.052 -0.042 -0.068 -0.061 -0.052 -0.052 -0.042 -0.068 -0.061 -0.052 -0.052 -0.042 -0.068 -0.061 -0.052 -0.052 -0.042 -0.068 -0.061 -0.052 -0.052 -0.042
-0.046 -0.038 -0.038 0.256 -0.038 -0.038 -0.046 -0.038 -0.038 -0.046 -0.038 -0.038 -0.046 -0.038 -0.038 -0.046 -0.038 -0.038 -0.046 -0.038 -0.038 -0.046 -0.038 -0.038 -0.046 -0.038 -0.038 -0.046 -0.038 -0.038 -0.061 -0.054 -0.046 -0.046 -0.038 0.860 1.000 0.811 0.811 0.570 -0.061 -0.054 -0.046 -0.046 -0.038 -0.061 -0.054 -0.046 -0.046 -0.038 -0.061 -0.054 -0.046 -0.046 -0.038 -0.061 -0.054 -0.046 -0.046 -0.038 -0.061 -0.054 -0.046 -0.046 -0.038 -0.061 -0.054 -0.046 -0.046 -0.038 -0.061 -0.054 -0.046 -0.046 -0.038 -0.061 -0.054 -0.046 -0.046 -0.038
-0.040 -0.032 -0.032 0.307 -0.032 -0.032 -0.040 -0.032 -0.032 -0.040 -0.032 -0.032 -0.040 -0.032 -0.032 -0.040 -0.032 -0.032 -0.040 -0.032 -0.032 -0.040 -0.032 -0.032 -0.040 -0.032 -0.032 -0.040 -0.032 -0.032 -0.052 -0.046 -0.040 -0.040 -0.032 0.698 0.811 1.000 1.000 0.811 -0.052 -0.046 -0.040 -0.040 -0.032 -0.052 -0.046 -0.040 -0.040 -0.032 -0.052 -0.046 -0.040 -0.040 -0.032 -0.052 -0.046 -0.040 -0.040 -0.032 -0.052 -0.046 -0.040 -0.040 -0.032 -0.052 -0.046 -0.040 -0.040 -0.032 -0.052 -0.046 -0.040 -0.040 -0.032 -0.052 -0.046 -0.040 -0.040 -0.032
-0.040 -0.032 -0.032 0.307 -0.032 -0.032 -0.040 -0.032 -0.032 -0.040 -0.032 -0.032 -0.040 -0.032 -0.032 -0.040 -0.032 -0.032 -0.040 -0.032 -0.032 -0.040 -0.032 -0.032 -0.040 -0.032 -0.032 -0.040 -0.032 -0.032 -0.052 -0.046 -0.040 -0.040 -0.032 0.698 0.811 1.000 1.000 0.811 -0.052 -0.046 -0.040 -0.040 -0.032 -0.052 -0.046 -0.040 -0.040 -0.032 -0.052 -0.046 -0.040 -0.040 -0.032 -0.052 -0.046 -0.040 -0.040 -0.032 -0.052 -0.046 -0.040 -0.040 -0.032 -0.052 -0.046 -0.040 -0.040 -0.032 -0.052 -0.046 -0.040 -0.040 -0.032 -0.052 -0.046 -0.040 -0.040 -0.032
-0.032 -0.026 -0.026 0.389 -0.026 -0.026 -0.032 -0.026 -0.026 -0.032 -0.026 -0.026 -0.032 -0.026 -0.026 -0.032 -0.026 -0.026 -0.032 -0.026 -0.026 -0.032 -0.026 -0.026 -0.032 -0.026 -0.026 -0.032 -0.026 -0.026 -0.042 -0.038 -0.032 -0.032 -0.026 0.490 0.570 0.811 0.811 1.000 -0.042 -0.038 -0.032 -0.032 -0.026 -0.042 -0.038 -0.032 -0.032 -0.026 -0.042 -0.038 -0.032 -0.032 -0.026 -0.042 -0.038 -0.032 -0.032 -0.026 -0.042 -0.038 -0.032 -0.032 -0.026 -0.042 -0.038 -0.032 -0.032 -0.026 -0.042 -0.038 -0.032 -0.032 -0.026 -0.042 -0.038 -0.032 -0.032 -0.026
-0.052 -0.042 -0.042 -0.052 -0.042 0.289 -0.038 0.289 -0.042 -0.052 -0.042 -0.042 -0.052 -0.042 -0.042 -0.052 -0.042 -0.042 -0.052 -0.042 -0.042 -0.052 -0.042 -0.042 -0.052 -0.042 -0.042 -0.052 -0.042 -0.042 -0.068 -0.061 -0.052 -0.052 -0.042 -0.068 -0.061 -0.052 -0.052 -0.042 1.000 0.860 0.698 0.698 0.490 -0.068 -0.061 -0.052 -0.052 -0.042 -0.068 -0.061 -0.052 -0.052 -0.042 -0.068 -0.061 -0.052 -0.052 -0.042 -0.068 -0.061 -0.052 -0.052 -0.042 -0.068 -0.061 -0.052 -0.052 -0.042 -0.068 -0.061 -0.052 -0.052 -0.042 -0.068 -0.061 -0.052 -0.052 -0.042
-0.046 -0.038 -0.038 -0.046 -0.038 -0.038 0.256 -0.038 -0.038 -0.046 -0.038 -0.038 -0.046 -0.038 -0.038 -0.046 -0.038 -0.038 -0.046 -0.038 -0.038 -0.046 -0.038 -0.038 -0.046 -0.038 -0.038 -0.046 -0.038 -0.038 -0.061 -0.054 -0.046 -0.046 -0.038 -0.061 -0.054 -0.046 -0.046 -0.038 0.860 1.000 0.811 0.811 0.570 -0.061 -0.054 -0.046 -0.046 -0.038 -0.061 -0.054 -0.046 -0.046 -0.038 -0.061 -0.054 -0.046 -0.046 -0.038 -0.061 -0.054 -0.046 -0.046 -0.038 -0.061 -0.054 -0.046 -0.046 -0.038 -0.061 -0.054 -0.046 -0.046 -0.038 -0.061 -0.054 -0.046 -0.046 -0.038
-0.040 -0.032 -0.032 -0.040 -0.032 -0.032 0.307 -0.032 -0.032 -0.040 -0.032 -0.032 -0.040 -0.032 -0.032 -0.040 -0.032 -0.032 -0.040 -0.032 -0.032 -0.040 -0.032 -0.032 -0.040 -0.032 -0.032 -0.040 -0.032 -0.032 -0.052 -0.046 -0.040 -0.040 -0.032 -0.052 -0.046 -0.040 -0.040 -0.032 0.698 0.811 1.000 1.000 0.811 -0.052 -0.046 -0.040 -0.040 -0.032 -0.052 -0.046 -0.040 -0.040 -0.032 -0.052 -0.046 -0.040 -0.040 -0.032 -0.052 -0.046 -0.040 -0.040 -0.032 -0.052 -0.046 -0.040 -0.040 -0.032 -0.052 -0.046 -0.040 -0.040 -0.032 -0.052 -0.046 -0.040 -0.040 -0.032
-0.040 -0.032 -0.032 -0.040 -0.032 -0.032 0.307 -0.032 -0.032 -0.040 -0.032 -0.032 -0.040 -0.032 -0.032 -0.040 -0.032 -0.032 -0.040 -0.032 -0.032 -0.040 -0.032 -0.032 -0.040 -0.032 -0.032 -0.040 -0.032 -0.032 -0.052 -0.046 -0.040 -0.040 -0.032 -0.052 -0.046 -0.040 -0.040 -0.032 0.698 0.811 1.000 1.000 0.811 -0.052 -0.046 -0.040 -0.040 -0.032 -0.052 -0.046 -0.040 -0.040 -0.032 -0.052 -0.046 -0.040 -0.040 -0.032 -0.052 -0.046 -0.040 -0.040 -0.032 -0.052 -0.046 -0.040 -0.040 -0.032 -0.052 -0.046 -0.040 -0.040 -0.032 -0.052 -0.046 -0.040 -0.040 -0.032
-0.032 -0.026 -0.026 -0.032 -0.026 -0.026 0.389 -0.026 -0.026 -0.032 -0.026 -0.026 -0.032 -0.026 -0.026 -0.032 -0.026 -0.026 -0.032 -0.026 -0.026 -0.032 -0.026 -0.026 -0.032 -0.026 -0.026 -0.032 -0.026 -0.026 -0.042 -0.038 -0.032 -0.032 -0.026 -0.042 -0.038 -0.032 -0.032 -0.026 0.490 0.570 0.811 0.811 1.000 -0.042 -0.038 -0.032 -0.032 -0.026 -0.042 -0.038 -0.032 -0.032 -0.026 -0.042 -0.038 -0.032 -0.032 -0.026 -0.042 -0.038 -0.032 -0.032 -0.026 -0.042 -0.038 -0.032 -0.032 -0.026 -0.042 -0.038 -0.032 -0.032 -0.026 -0.042 -0.038 -0.032 -0.032 -0.026
-0.052 -0.042 -0.042 -0.052 -0.042 -0.042 -0.052 -0.042 0.289 -0.038 0.289 -0.042 -0.052 -0.042 -0.042 -0.052 -0.042 -0.042 -0.052 -0.042 -0.042 -0.052 -0.042 -0.042 -0.052 -0.042 -0.042 -0.052 -0.042 -0.042 -0.068 -0.061 -0.052 -0.052 -0.042 -0.068 -0.061 -0.052 -0.052 -0.042 -0.068 -0.061 -0.052 -0.052 -0.042 1.000 0.860 0.698 0.698 0.490 -0.068 -0.061 -0.052 -0.052 -0.042 -0.068 -0.061 -0.052 -0.052 -0.042 -0.068 -0.061 -0.052 -0.052 -0.042 -0.068 -0.061 -0.052 -0.052 -0.042 -0.068 -0.061 -0.052 -0.052 -0.042 -0.068 -0.061 -0.052 -0.052 -0.042
-0.046 -0.038 -0.038 -0.046 -0.038 -0.038 -0.046 -0.038 -0.038 0.256 -0.038 -0.038 -0.046 -0.038 -0.038 -0.046 -0.038 -0.038 -0.046 -0.038 -0.038 -0.046 -0.038 -0.038 -0.046 -0.038 -0.038 -0.046 -0.038 -0.038 -0.061 -0.054 -0.046 -0.046 -0.038 -0.061 -0.054 -0.046 -0.046 -0.038 -0.061 -0.054 -0.046 -0.046 -0.038 0.860 1.000 0.811 0.811 0.570 -0.061 -0.054 -0.046 -0.046 -0.038 -0.061 -0.054 -0.046 -0.046 -0.038 -0.061 -0.054 -0.046 -0.046 -0.038 -0.061 -0.054 -0.046 -0.046 -0.038 -0.061 -0.054 -0.046 -0.046 -0.038 -0.061 -0.054 -0.046 -0.046 -0.038
-0.040 -0.032 -0.032 -0.040 -0.032 -0.032 -0.040 -0.032 -0.032 0.307 -0.032 -0.032 -0.040 -0.032 -0.032 -0.040 -0.032 -0.032 -0.040 -0.032 -0.032 -0.040 -0.032 -0.032 -0.040 -0.032 -0.032 -0.040 -0.032 -0.032 -0.052 -0.046 -0.040 -0.040 -0.032 -0.052 -0.046 -0.040 -0.040 -0.032 -0.052 -0.046 -0.040 -0.040 -0.032 0.698 0.811 1.000 1.000 0.811 -0.052 -0.046 -0.040 -0.040 -0.032 -0.052 -0.046 -0.040 -0.040 -0.032 -0.052 -0.046 -0.040 -0.040 -0.032 -0.052 -0.046 -0.040 -0.040 -0.032 -0.052 -0.046 -0.040 -0.040 -0.032 -0.052 -0.046 -0.040 -0.040 -0.032
-0.040 -0.032 -0.032 -0.040 -0.032 -0.032 -0.040 -0.032 -0.032 0.307 -0.032 -0.032 -0.040 -0.032 -0.032 -0.040 -0.032 -0.032 -0.040 -0.032 -0.032 -0.040 -0.032 -0.032 -0.040 -0.032 -0.032 -0.040 -0.032 -0.032 -0.052 -0.046 -0.040 -0.040 -0.032 -0.052 -0.046 -0.040 -0.040 -0.032 -0.052 -0.046 -0.040 -0.040 -0.032 0.698 0.811 1.000 1.000 0.811 -0.052 -0.046 -0.040 -0.040 -0.032 -0.052 -0.046 -0.040 -0.040 -0.032 -0.052 -0.046 -0.040 -0.040 -0.032 -0.052 -0.046 -0.040 -0.040 -0.032 -0.052 -0.046 -0.040 -0.040 -0.032 -0.052 -0.046 -0.040 -0.040 -0.032
-0.032 -0.026 -0.026 -0.032 -0.026 -0.026 -0.032 -0.026 -0.026 0.389 -0.026 -0.026 -0.032 -0.026 -0.026 -0.032 -0.026 -0.026 -0.032 -0.026 -0.026 -0.032 -0.026 -0.026 -0.032 -0.026 -0.026 -0.032 -0.026 -0.026 -0.042 -0.038 -0.032 -0.032 -0.026 -0.042 -0.038 -0.032 -0.032 -0.026 -0.042 -0.038 -0.032 -0.032 -0.026 0.490 0.570 0.811 0.811 1.000 -0.042 -0.038 -0.032 -0.032 -0.026 -0.042 -0.038 -0.032 -0.032 -0.026 -0.042 -0.038 -0.032 -0.032 -0.026 -0.042 -0.038 -0.032 -0.032 -0.026 -0.042 -0.038 -0.032 -0.032 -0.026 -0.042 -0.038 -0.032 -0.032 -0.026
-0.052 -0.042 -0.042 -0.052 -0.042 -0.042 -0.052 -0.042 -0.042 -0.052 -0.042 0.289 -0.038 0.289 -0.042 -0.052 -0.042 -0.042 -0.052 -0.042 -0.042 -0.052 -0.042 -0.042 -0.052 -0.042 -0.042 -0.052 -0.042 -0.042 -0.068 -0.061 -0.052 -0.052 -0.042 -0.068 -0.061 -0.052 -0.052 -0.042 -0.068 -0.061 -0.052 -0.052 -0.042 -0.068 -0.061 -0.052 -0.052 -0.042 1.000 0.860 0.698 0.698 0.490 -0.068 -0.061 -0.052 -0.052 -0.042 -0.068 -0.061 -0.052 -0.052 -0.042 -0.068 -0.061 -0.052 -0.052 -0.042 -0.068 -0.061 -0.052 -0.052 -0.042 -0.068 -0.061 -0.052 -0.052 -0.042
-0.046 -0.038 -0.038 -0.046 -0.038 -0.038 -0.046 -0.038 -0.038 -0.046 -0.038 -0.038 0.256 -0.038 -0.038 -0.046 -0.038 -0.038 -0.046 -0.038 -0.038 -0.046 -0.038 -0.038 -0.046 -0.038 -0.038 -0.046 -0.038 -0.038 -0.061 -0.054 -0.046 -0.046 -0.038 -0.061 -0.054 -0.046 -0.046 -0.038 -0.061 -0.054 -0.046 -0.046 -0.038 -0.061 -0.054 -0.046 -0.046 -0.038 0.860 1.000 0.811 0.811 0.570 -0.061 -0.054 -0.046 -0.046 -0.038 -0.061 -0.054 -0.046 -0.046 -0.038 -0.061 -0.054 -0.046 -0.046 -0.038 -0.061 -0.054 -0.046 -0.046 -0.038 -0.061 -0.054 -0.046 -0.046 -0.038
-0.040 -0.032 -0.032 -0.040 -0.032 -0.032 -0.040 -0.032 -0.032 -0.040 -0.032 -0.032 0.307 -0.032 -0.032 -0.040 -0.032 -0.032 -0.040 -0.032 -0.032 -0.040 -0.032 -0.032 -0.040 -0.032 -0.032 -0.040 -0.032 -0.032 -0.052 -0.046 -0.040 -0.040 -0.032 -0.052 -0.046 -0.040 -0.040 -0.032 -0.052 -0.046 -0.040 -0.040 -0.032 -0.052 -0.046 -0.040 -0.040 -0.032 0.698 0.811 1.000 1.000 0.811 -0.052 -0.046 -0.040 -0.040 -0.032 -0.052 -0.046 -0.040 -0.040 -0.032 -0.052 -0.046 -0.040 -0.040 -0.032 -0.052 -0.046 -0.040 -0.040 -0.032 -0.052 -0.046 -0.040 -0.040 -0.032
-0.040 -0.032 -0.032 -0.040 -0.032 -0.032 -0.040 -0.032 -0.032 -0.040 -0.032 -0.032 0.307 -0.032 -0.032 -0.040 -0.032 -0.032 -0.040 -0.032 -0.032 -0.040 -0.032 -0.032 -0.040 -0.032 -0.032 -0.040 -0.032 -0.032 -0.052 -0.046 -0.040 -0.040 -0.032 -0.052 -0.046 -0.040 -0.040 -0.032 -0.052 -0.046 -0.040 -0.040 -0.032 -0.052 -0.046 -0.040 -0.040 -0.032 0.698 0.811 1.000 1.000 0.811 -0.052 -0.046 -0.040 -0.040 -0.032 -0.052 -0.046 -0.040 -0.040 -0.032 -0.052 -0.046 -0.040 -0.040 -0.032 -0.052 -0.046 -0.040 -0.040 -0.032 -0.052 -0.046 -0.040 -0.040 -0.032
-0.032 -0.026 -0.026 -0.032 -0.026 -0.026 -0.032 -0.026 -0.026 -0.032 -0.026 -0.026 0.389 -0.026 -0.026 -0.032 -0.026 -0.026 -0.032 -0.026 -0.026 -0.032 -0.026 -0.026 -0.032 -0.026 -0.026 -0.032 -0.026 -0.026 -0.042 -0.038 -0.032 -0.032 -0.026 -0.042 -0.038 -0.032 -0.032 -0.026 -0.042 -0.038 -0.032 -0.032 -0.026 -0.042 -0.038 -0.032 -0.032 -0.026 0.490 0.570 0.811 0.811 1.000 -0.042 -0.038 -0.032 -0.032 -0.026 -0.042 -0.038 -0.032 -0.032 -0.026 -0.042 -0.038 -0.032 -0.032 -0.026 -0.042 -0.038 -0.032 -0.032 -0.026 -0.042 -0.038 -0.032 -0.032 -0.026
-0.052 -0.042 -0.042 -0.052 -0.042 -0.042 -0.052 -0.042 -0.042 -0.052 -0.042 -0.042 -0.052 -0.042 0.289 -0.038 0.289 -0.042 -0.052 -0.042 -0.042 -0.052 -0.042 -0.042 -0.052 -0.042 -0.042 -0.052 -0.042 -0.042 -0.068 -0.061 -0.052 -0.052 -0.042 -0.068 -0.061 -0.052 -0.052 -0.042 -0.068 -0.061 -0.052 -0.052 -0.042 -0.068 -0.061 -0.052 -0.052 -0.042 -0.068 -0.061 -0.052 -0.052 -0.042 1.000 0.860 0.698 0.698 0.490 -0.068 -0.061 -0.052 -0.052 -0.042 -0.068 -0.061 -0.052 -0.052 -0.042 -0.068 -0.061 -0.052 -0.052 -0.042 -0.068 -0.061 -0.052 -0.052 -0.042
-0.046 -0.038 -0.038 -0.046 -0.038 -0.038 -0.046 -0.038 -0.038 -0.046 -0.038 -0.038 -0.046 -0.038 -0.038 0.256 -0.038 -0.038 -0.046 -0.038 -0.038 -0.046 -0.038 -0.038 -0.046 -0.038 -0.038 -0.046 -0.038 -0.038 -0.061 -0.054 -0.046 -0.046 -0.038 -0.061 -0.054 -0.046 -0.046 -0.038 -0.061 -0.054 -0.046 -0.046 -0.038 -0.061 -0.054 -0.046 -0.046 -0.038 -0.061 -0.054 -0.046 -0.046 -0.038 0.860 1.000 0.811 0.811 0.570 -0.061 -0.054 -0.046 -0.046 -0.038 -0.061 -0.054 -0.046 -0.046 -0.038 -0.061 -0.054 -0.046 -0.046 -0.038 -0.061 -0.054 -0.046 -0.046 -0.038
-0.040 -0.032 -0.032 -0.040 -0.032 -0.032 -0.040 -0.032 -0.032 -0.040 -0.032 -0.032 -0.040 -0.032 -0.032 0.307 -0.032 -0.032 -0.040 -0.032 -0.032 -0.040 -0.032 -0.032 -0.040 -0.032 -0.032 -0.040 -0.032 -0.032 -0.052 -0.046 -0.040 -0.040 -0.032 -0.052 -0.046 -0.040 -0.040 -0.032 -0.052 -0.046 -0.040 -0.040 -0.032 -0.052 -0.046 -0.040 -0.040 -0.032 -0.052 -0.046 -0.040 -0.040 -0.032 0.698 0.811 1.000 1.000 0.811 -0.052 -0.046 -0.040 -0.040 -0.032 -0.052 -0.046 -0.040 -0.040 -0.032 -0.052 -0.046 -0.040 -0.040 -0.032 -0.052 -0.046 -0.040 -0.040 -0.032
-0.040 -0.032 -0.032 -0.040 -0.032 -0.032 -0.040 -0.032 -0.032 -0.040 -0.032 -0.032 -0.040 -0.032 -0.032 0.307 -0.032 -0.032 -0.040 -0.032 -0.032 -0.040 -0.032 -0.032 -0.040 -0.032 -0.032 -0.040 -0.032 -0.032 -0.052 -0.046 -0.040 -0.040 -0.032 -0.052 -0.046 -0.040 -0.040 -0.032 -0.052 -0.046 -0.040 -0.040 -0.032 -0.052 -0.046 -0.040 -0.040 -0.032 -0.052 -0.046 -0.040 -0.040 -0.032 0.698 0.811 1.000 1.000 0.811 -0.052 -0.046 -0.040 -0.040 -0.032 -0.052 -0.046 -0.040 -0.040 -0.032 -0.052 -0.046 -0.040 -0.040 -0.032 -0.052 -0.046 -0.040 -0.040 -0.032
-0.032 -0.026 -0.026 -0.032 -0.026 -0.026 -0.032 -0.026 -0.026 -0.032 -0.026 -0.026 -0.032 -0.026 -0.026 0.389 -0.026 -0.026 -0.032 -0.026 -0.026 -0.032 -0.026 -0.026 -0.032 -0.026 -0.026 -0.032 -0.026 -0.026 -0.042 -0.038 -0.032 -0.032 -0.026 -0.042 -0.038 -0.032 -0.032 -0.026 -0.042 -0.038 -0.032 -0.032 -0.026 -0.042 -0.038 -0.032 -0.032 -0.026 -0.042 -0.038 -0.032 -0.032 -0.026 0.490 0.570 0.811 0.811 1.000 -0.042 -0.038 -0.032 -0.032 -0.026 -0.042 -0.038 -0.032 -0.032 -0.026 -0.042 -0.038 -0.032 -0.032 -0.026 -0.042 -0.038 -0.032 -0.032 -0.026
-0.052 -0.042 -0.042 -0.052 -0.042 -0.042 -0.052 -0.042 -0.042 -0.052 -0.042 -0.042 -0.052 -0.042 -0.042 -0.052 -0.042 0.289 -0.038 0.289 -0.042 -0.052 -0.042 -0.042 -0.052 -0.042 -0.042 -0.052 -0.042 -0.042 -0.068 -0.061 -0.052 -0.052 -0.042 -0.068 -0.061 -0.052 -0.052 -0.042 -0.068 -0.061 -0.052 -0.052 -0.042 -0.068 -0.061 -0.052 -0.052 -0.042 -0.068 -0.061 -0.052 -0.052 -0.042 -0.068 -0.061 -0.052 -0.052 -0.042 1.000 0.860 0.698 0.698 0.490 -0.068 -0.061 -0.052 -0.052 -0.042 -0.068 -0.061 -0.052 -0.052 -0.042 -0.068 -0.061 -0.052 -0.052 -0.042
-0.046 -0.038 -0.038 -0.046 -0.038 -0.038 -0.046 -0.038 -0.038 -0.046 -0.038 -0.038 -0.046 -0.038 -0.038 -0.046 -0.038 -0.038 0.256 -0.038 -0.038 -0.046 -0.038 -0.038 -0.046 -0.038 -0.038 -0.046 -0.038 -0.038 -0.061 -0.054 -0.046 -0.046 -0.038 -0.061 -0.054 -0.046 -0.046 -0.038 -0.061 -0.054 -0.046 -0.046 -0.038 -0.061 -0.054 -0.046 -0.046 -0.038 -0.061 -0.054 -0.046 -0.046 -0.038 -0.061 -0.054 -0.046 -0.046 -0.038 0.860 1.000 0.811 0.811 0.570 -0.061 -0.054 -0.046 -0.046 -0.038 -0.061 -0.054 -0.046 -0.046 -0.038 -0.061 -0.054 -0.046 -0.046 -0.038
-0.040 -0.032 -0.032 -0.040 -0.032 -0.032 -0.040 -0.032 -0.032 -0.040 -0.032 -0.032 -0.040 -0.032 -0.032 -0.040 -0.032 -0.032 0.307 -0.032 -0.032 -0.040 -0.032 -0.032 -0.040 -0.032 -0.032 -0.040 -0.032 -0.032 -0.052 -0.046 -0.040 -0.040 -0.032 -0.052 -0.046 -0.040 -0.040 -0.032 -0.052 -0.046 -0.040 -0.040 -0.032 -0.052 -0.046 -0.040 -0.040 -0.032 -0.052 -0.046 -0.040 -0.040 -0.032 -0.052 -0.046 -0.040 -0.040 -0.032 0.698 0.811 1.000 1.000 0.811 -0.052 -0.046 -0.040 -0.040 -0.032 -0.052 -0.046 -0.040 -0.040 -0.032 -0.052 -0.046 -0.040 -0.040 -0.032
-0.040 -0.032 -0.032 -0.040 -0.032 -0.032 -0.040 -0.032 -0.032 -0.040 -0.032 -0.032 -0.040 -0.032 -0.032 -0.040 -0.032 -0.032 0.307 -0.032 -0.032 -0.040 -0.032 -0.032 -0.040 -0.032 -0.032 -0.040 -0.032 -0.032 -0.052 -0.046 -0.040 -0.040 -0.032 -0.052 -0.046 -0.040 -0.040 -0.032 -0.052 -0.046 -0.040 -0.040 -0.032 -0.052 -0.046 -0.040 -0.040 -0.032 -0.052 -0.046 -0.040 -0.040 -0.032 -0.052 -0.046 -0.040 -0.040 -0.032 0.698 0.811 1.000 1.000 0.811 -0.052 -0.046 -0.040 -0.040 -0.032 -0.052 -0.046 -0.040 -0.040 -0.032 -0.052 -0.046 -0.040 -0.040 -0.032
-0.032 -0.026 -0.026 -0.032 -0.026 -0.026 -0.032 -0.026 -0.026 -0.032 -0.026 -0.026 -0.032 -0.026 -0.026 -0.032 -0.026 -0.026 0.389 -0.026 -0.026 -0.032 -0.026 -0.026 -0.032 -0.026 -0.026 -0.032 -0.026 -0.026 -0.042 -0.038 -0.032 -0.032 -0.026 -0.042 -0.038 -0.032 -0.032 -0.026 -0.042 -0.038 -0.032 -0.032 -0.026 -0.042 -0.038 -0.032 -0.032 -0.026 -0.042 -0.038 -0.032 -0.032 -0.026 -0.042 -0.038 -0.032 -0.032 -0.026 0.490 0.570 0.811 0.811 1.000 -0.042 -0.038 -0.032 -0.032 -0.026 -0.042 -0.038 -0.032 -0.032 -0.026 -0.042 -0.038 -0.032 -0.032 -0.026
-0.052 -0.042 -0.042 -0.052 -0.042 -0.042 -0.052 -0.042 -0.042 -0.052 -0.042 -0.042 -0.052 -0.042 -0.042 -0.052 -0.042 -0.042 -0.052 -0.042 0.289 -0.038 0.289 -0.042 -0.052 -0.042 -0.042 -0.052 -0.042 -0.042 -0.068 -0.061 -0.052 -0.052 -0.042 -0.068 -0.061 -0.052 -0.052 -0.042 -0.068 -0.061 -0.052 -0.052 -0.042 -0.068 -0.061 -0.052 -0.052 -0.042 -0.068 -0.061 -0.052 -0.052 -0.042 -0.068 -0.061 -0.052 -0.052 -0.042 -0.068 -0.061 -0.052 -0.052 -0.042 1.000 0.860 0.698 0.698 0.490 -0.068 -0.061 -0.052 -0.052 -0.042 -0.068 -0.061 -0.052 -0.052 -0.042
-0.046 -0.038 -0.038 -0.046 -0.038 -0.038 -0.046 -0.038 -0.038 -0.046 -0.038 -0.038 -0.046 -0.038 -0.038 -0.046 -0.038 -0.038 -0.046 -0.038 -0.038 0.256 -0.038 -0.038 -0.046 -0.038 -0.038 -0.046 -0.038 -0.038 -0.061 -0.054 -0.046 -0.046 -0.038 -0.061 -0.054 -0.046 -0.046 -0.038 -0.061 -0.054 -0.046 -0.046 -0.038 -0.061 -0.054 -0.046 -0.046 -0.038 -0.061 -0.054 -0.046 -0.046 -0.038 -0.061 -0.054 -0.046 -0.046 -0.038 -0.061 -0.054 -0.046 -0.046 -0.038 0.860 1.000 0.811 0.811 0.570 -0.061 -0.054 -0.046 -0.046 -0.038 -0.061 -0.054 -0.046 -0.046 -0.038
-0.040 -0.032 -0.032 -0.040 -0.032 -0.032 -0.040 -0.032 -0.032 -0.040 -0.032 -0.032 -0.040 -0.032 -0.032 -0.040 -0.032 -0.032 -0.040 -0.032 -0.032 0.307 -0.032 -0.032 -0.040 -0.032 -0.032 -0.040 -0.032 -0.032 -0.052 -0.046 -0.040 -0.040 -0.032 -0.052 -0.046 -0.040 -0.040 -0.032 -0.052 -0.046 -0.040 -0.040 -0.032 -0.052 -0.046 -0.040 -0.040 -0.032 -0.052 -0.046 -0.040 -0.040 -0.032 -0.052 -0.046 -0.040 -0.040 -0.032 -0.052 -0.046 -0.040 -0.040 -0.032 0.698 0.811 1.000 1.000 0.811 -0.052 -0.046 -0.040 -0.040 -0.032 -0.052 -0.046 -0.040 -0.040 -0.032
-0.040 -0.032 -0.032 -0.040 -0.032 -0.032 -0.040 -0.032 -0.032 -0.040 -0.032 -0.032 -0.040 -0.032 -0.032 -0.040 -0.032 -0.032 -0.040 -0.032 -0.032 0.307 -0.032 -0.032 -0.040 -0.032 -0.032 -0.040 -0.032 -0.032 -0.052 -0.046 -0.040 -0.040 -0.032 -0.052 -0.046 -0.040 -0.040 -0.032 -0.052 -0.046 -0.040 -0.040 -0.032 -0.052 -0.046 -0.040 -0.040 -0.032 -0.052 -0.046 -0.040 -0.040 -0.032 -0.052 -0.046 -0.040 -0.040 -0.032 -0.052 -0.046 -0.040 -0.040 -0.032 0.698 0.811 1.000 1.000 0.811 -0.052 -0.046 -0.040 -0.040 -0.032 -0.052 -0.046 -0.040 -0.040 -0.032
-0.032 -0.026 -0.026 -0.032 -0.026 -0.026 -0.032 -0.026 -0.026 -0.032 -0.026 -0.026 -0.032 -0.026 -0.026 -0.032 -0.026 -0.026 -0.032 -0.026 -0.026 0.389 -0.026 -0.026 -0.032 -0.026 -0.026 -0.032 -0.026 -0.026 -0.042 -0.038 -0.032 -0.032 -0.026 -0.042 -0.038 -0.032 -0.032 -0.026 -0.042 -0.038 -0.032 -0.032 -0.026 -0.042 -0.038 -0.032 -0.032 -0.026 -0.042 -0.038 -0.032 -0.032 -0.026 -0.042 -0.038 -0.032 -0.032 -0.026 -0.042 -0.038 -0.032 -0.032 -0.026 0.490 0.570 0.811 0.811 1.000 -0.042 -0.038 -0.032 -0.032 -0.026 -0.042 -0.038 -0.032 -0.032 -0.026
-0.052 -0.042 -0.042 -0.052 -0.042 -0.042 -0.052 -0.042 -0.042 -0.052 -0.042 -0.042 -0.052 -0.042 -0.042 -0.052 -0.042 -0.042 -0.052 -0.042 -0.042 -0.052 -0.042 0.289 -0.038 0.289 -0.042 -0.052 -0.042 -0.042 -0.068 -0.061 -0.052 -0.052 -0.042 -0.068 -0.061 -0.052 -0.052 -0.042 -0.068 -0.061 -0.052 -0.052 -0.042 -0.068 -0.061 -0.052 -0.052 -0.042 -0.068 -0.061 -0.052 -0.052 -0.042 -0.068 -0.061 -0.052 -0.052 -0.042 -0.068 -0.061 -0.052 -0.052 -0.042 -0.068 -0.061 -0.052 -0.052 -0.042 1.000 0.860 0.698 0.698 0.490 -0.068 -0.061 -0.052 -0.052 -0.042
-0.046 -0.038 -0.038 -0.046 -0.038 -0.038 -0.046 -0.038 -0.038 -0.046 -0.038 -0.038 -0.046 -0.038 -0.038 -0.046 -0.038 -0.038 -0.046 -0.038 -0.038 -0.046 -0.038 -0.038 0.256 -0.038 -0.038 -0.046 -0.038 -0.038 -0.061 -0.054 -0.046 -0.046 -0.038 -0.061 -0.054 -0.046 -0.046 -0.038 -0.061 -0.054 -0.046 -0.046 -0.038 -0.061 -0.054 -0.046 -0.046 -0.038 -0.061 -0.054 -0.046 -0.046 -0.038 -0.061 -0.054 -0.046 -0.046 -0.038 -0.061 -0.054 -0.046 -0.046 -0.038 -0.061 -0.054 -0.046 -0.046 -0.038 0.860 1.000 0.811 0.811 0.570 -0.061 -0.054 -0.046 -0.046 -0.038
-0.040 -0.032 -0.032 -0.040 -0.032 -0.032 -0.040 -0.032 -0.032 -0.040 -0.032 -0.032 -0.040 -0.032 -0.032 -0.040 -0.032 -0.032 -0.040 -0.032 -0.032 -0.040 -0.032 -0.032 0.307 -0.032 -0.032 -0.040 -0.032 -0.032 -0.052 -0.046 -0.040 -0.040 -0.032 -0.052 -0.046 -0.040 -0.040 -0.032 -0.052 -0.046 -0.040 -0.040 -0.032 -0.052 -0.046 -0.040 -0.040 -0.032 -0.052 -0.046 -0.040 -0.040 -0.032 -0.052 -0.046 -0.040 -0.040 -0.032 -0.052 -0.046 -0.040 -0.040 -0.032 -0.052 -0.046 -0.040 -0.040 -0.032 0.698 0.811 1.000 1.000 0.811 -0.052 -0.046 -0.040 -0.040 -0.032
-0.040 -0.032 -0.032 -0.040 -0.032 -0.032 -0.040 -0.032 -0.032 -0.040 -0.032 -0.032 -0.040 -0.032 -0.032 -0.040 -0.032 -0.032 -0.040 -0.032 -0.032 -0.040 -0.032 -0.032 0.307 -0.032 -0.032 -0.040 -0.032 -0.032 -0.052 -0.046 -0.040 -0.040 -0.032 -0.052 -0.046 -0.040 -0.040 -0.032 -0.052 -0.046 -0.040 -0.040 -0.032 -0.052 -0.046 -0.040 -0.040 -0.032 -0.052 -0.046 -0.040 -0.040 -0.032 -0.052 -0.046 -0.040 -0.040 -0.032 -0.052 -0.046 -0.040 -0.040 -0.032 -0.052 -0.046 -0.040 -0.040 -0.032 0.698 0.811 1.000 1.000 0.811 -0.052 -0.046 -0.040 -0.040 -0.032
-0.032 -0.026 -0.026 -0.032 -0.026 -0.026 -0.032 -0.026 -0.026 -0.032 -0.026 -0.026 -0.032 -0.026 -0.026 -0.032 -0.026 -0.026 -0.032 -0.026 -0.026 -0.032 -0.026 -0.026 0.389 -0.026 -0.026 -0.032 -0.026 -0.026 -0.042 -0.038 -0.032 -0.032 -0.026 -0.042 -0.038 -0.032 -0.032 -0.026 -0.042 -0.038 -0.032 -0.032 -0.026 -0.042 -0.038 -0.032 -0.032 -0.026 -0.042 -0.038 -0.032 -0.032 -0.026 -0.042 -0.038 -0.032 -0.032 -0.026 -0.042 -0.038 -0.032 -0.032 -0.026 -0.042 -0.038 -0.032 -0.032 -0.026 0.490 0.570 0.811 0.811 1.000 -0.042 -0.038 -0.032 -0.032 -0.026
-0.052 -0.042 -0.042 -0.052 -0.042 -0.042 -0.052 -0.042 -0.042 -0.052 -0.042 -0.042 -0.052 -0.042 -0.042 -0.052 -0.042 -0.042 -0.052 -0.042 -0.042 -0.052 -0.042 -0.042 -0.052 -0.042 0.289 -0.038 0.289 -0.042 -0.068 -0.061 -0.052 -0.052 -0.042 -0.068 -0.061 -0.052 -0.052 -0.042 -0.068 -0.061 -0.052 -0.052 -0.042 -0.068 -0.061 -0.052 -0.052 -0.042 -0.068 -0.061 -0.052 -0.052 -0.042 -0.068 -0.061 -0.052 -0.052 -0.042 -0.068 -0.061 -0.052 -0.052 -0.042 -0.068 -0.061 -0.052 -0.052 -0.042 -0.068 -0.061 -0.052 -0.052 -0.042 1.000 0.860 0.698 0.698 0.490
-0.046 -0.038 -0.038 -0.046 -0.038 -0.038 -0.046 -0.038 -0.038 -0.046 -0.038 -0.038 -0.046 -0.038 -0.038 -0.046 -0.038 -0.038 -0.046 -0.038 -0.038 -0.046 -0.038 -0.038 -0.046 -0.038 -0.038 0.256 -0.038 -0.038 -0.061 -0.054 -0.046 -0.046 -0.038 -0.061 -0.054 -0.046 -0.046 -0.038 -0.061 -0.054 -0.046 -0.046 -0.038 -0.061 -0.054 -0.046 -0.046 -0.038 -0.061 -0.054 -0.046 -0.046 -0.038 -0.061 -0.054 -0.046 -0.046 -0.038 -0.061 -0.054 -0.046 -0.046 -0.038 -0.061 -0.054 -0.046 -0.046 -0.038 -0.061 -0.054 -0.046 -0.046 -0.038 0.860 1.000 0.811 0.811 0.570
-0.040 -0.032 -0.032 -0.040 -0.032 -0.032 -0.040 -0.032 -0.032 -0.040 -0.032 -0.032 -0.040 -0.032 -0.032 -0.040 -0.032 -0.032 -0.040 -0.032 -0.032 -0.040 -0.032 -0.032 -0.040 -0.032 -0.032 0.307 -0.032 -0.032 -0.052 -0.046 -0.040 -0.040 -0.032 -0.052 -0.046 -0.040 -0.040 -0.032 -0.052 -0.046 -0.040 -0.040 -0.032 -0.052 -0.046 -0.040 -0.040 -0.032 -0.052 -0.046 -0.040 -0.040 -0.032 -0.052 -0.046 -0.040 -0.040 -0.032 -0.052 -0.046 -0.040 -0.040 -0.032 -0.052 -0.046 -0.040 -0.040 -0.032 -0.052 -0.046 -0.040 -0.040 -0.032 0.698 0.811 1.000 1.000 0.811
-0.040 -0.032 -0.032 -0.040 -0.032 -0.032 -0.040 -0.032 -0.032 -0.040 -0.032 -0.032 -0.040 -0.032 -0.032 -0.040 -0.032 -0.032 -0.040 -0.032 -0.032 -0.040 -0.032 -0.032 -0.040 -0.032 -0.032 0.307 -0.032 -0.032 -0.052 -0.046 -0.040 -0.040 -0.032 -0.052 -0.046 -0.040 -0.040 -0.032 -0.052 -0.046 -0.040 -0.040 -0.032 -0.052 -0.046 -0.040 -0.040 -0.032 -0.052 -0.046 -0.040 -0.040 -0.032 -0.052 -0.046 -0.040 -0.040 -0.032 -0.052 -0.046 -0.040 -0.040 -0.032 -0.052 -0.046 -0.040 -0.040 -0.032 -0.052 -0.046 -0.040 -0.040 -0.032 0.698 0.811 1.000 1.000 0.811
-0.032 -0.026 -0.026 -0.032 -0.026 -0.026 -0.032 -0.026 -0.026 -0.032 -0.026 -0.026 -0.032 -0.026 -0.026 -0.032 -0.026 -0.026 -0.032 -0.026 -0.026 -0.032 -0.026 -0.026 -0.032 -0.026 -0.026 0.389 -0.026 -0.026 -0.042 -0.038 -0.032 -0.032 -0.026 -0.042 -0.038 -0.032 -0.032 -0.026 -0.042 -0.038 -0.032 -0.032 -0.026 -0.042 -0.038 -0.032 -0.032 -0.026 -0.042 -0.038 -0.032 -0.032 -0.026 -0.042 -0.038 -0.032 -0.032 -0.026 -0.042 -0.038 -0.032 -0.032 -0.026 -0.042 -0.038 -0.032 -0.032 -0.026 -0.042 -0.038 -0.032 -0.032 -0.026 0.490 0.570 0.811 0.811 1.000
