5 3 1
5 3 1
5 3 1
6 3 1
7 4 1
7 4 1
7 4 1
7 4 1
11 9 2
11 9 2
11 9 2
12 9 2
12 9 2
12 9 2
12 9 2
13 10 2
13 10 2
13 10 2
13 10 2
14 10 2
14 10 2
14 10 2
14 10 2
8 4 1
8 4 1
8 4 1
8 4 1
6 3 1
5 3 1
5 3 1
5 3 1
5 3 1
5 3 1
5 3 1
5 3 1
6 3 1
6 3 1
6 3 1
6 3 1
6 3 1
7 4 1
7 4 1
7 4 1
7 4 1
7 4 1
11 9 2
11 9 2
11 9 2
11 9 2
11 9 2
12 9 2
12 9 2
12 9 2
12 9 2
12 9 2
13 10 2
13 10 2
13 10 2
13 10 2
13 10 2
13 10 2
13 10 2
13 10 2
13 10 2
13 10 2
14 10 2
14 10 2
14 10 2
14 10 2
14 10 2
8 4 1
8 4 1
8 4 1
8 4 1
8 4 1
6 3 1
6 3 1
6 3 1
6 3 1
6 3 1
