0.000 69.159 69.159 0.000 69.159 69.159 0.000 69.159 69.159 0.000 69.159 69.159 0.000 69.159 69.159 0.000 69.159 69.159 0.000 69.159 69.159 0.000 69.159 69.159 0.000 69.159 69.159 0.000 69.159 69.159 86.291 82.550 60.778 60.778 82.550 86.291 82.550 60.778 60.778 82.550 86.291 82.550 60.778 60.778 82.550 86.291 82.550 60.778 60.778 82.550 86.291 82.550 60.778 60.778 82.550 86.291 82.550 60.778 60.778 82.550 86.291 82.550 60.778 60.778 82.550 86.291 82.550 60.778 60.778 82.550 86.291 82.550 60.778 60.778 82.550 86.291 82.550 60.778 60.778 82.550
69.159 0.000 0.000 69.159 0.000 0.000 69.159 0.000 0.000 69.159 0.000 0.000 69.159 0.000 0.000 69.159 0.000 0.000 69.159 0.000 0.000 69.159 0.000 0.000 69.159 0.000 0.000 69.159 0.000 0.000 104.757 91.393 72.333 72.333 45.952 104.757 91.393 72.333 72.333 45.952 104.757 91.393 72.333 72.333 45.952 104.757 91.393 72.333 72.333 45.952 104.757 91.393 72.333 72.333 45.952 104.757 91.393 72.333 72.333 45.952 104.757 91.393 72.333 72.333 45.952 104.757 91.393 72.333 72.333 45.952 104.757 91.393 72.333 72.333 45.952 104.757 91.393 72.333 72.333 45.952
69.159 0.000 0.000 69.159 0.000 0.000 69.159 0.000 0.000 69.159 0.000 0.000 69.159 0.000 0.000 69.159 0.000 0.000 69.159 0.000 0.000 69.159 0.000 0.000 69.159 0.000 0.000 69.159 0.000 0.000 104.757 91.393 72.333 72.333 45.952 104.757 91.393 72.333 72.333 45.952 104.757 91.393 72.333 72.333 45.952 104.757 91.393 72.333 72.333 45.952 104.757 91.393 72.333 72.333 45.952 104.757 91.393 72.333 72.333 45.952 104.757 91.393 72.333 72.333 45.952 104.757 91.393 72.333 72.333 45.952 104.757 91.393 72.333 72.333 45.952 104.757 91.393 72.333 72.333 45.952
0.000 69.159 69.159 0.000 69.159 69.159 0.000 69.159 69.159 0.000 69.159 69.159 0.000 69.159 69.159 0.000 69.159 69.159 0.000 69.159 69.159 0.000 69.159 69.159 0.000 69.159 69.159 0.000 69.159 69.159 86.291 82.550 60.778 60.778 82.550 86.291 82.550 60.778 60.778 82.550 86.291 82.550 60.778 60.778 82.550 86.291 82.550 60.778 60.778 82.550 86.291 82.550 60.778 60.778 82.550 86.291 82.550 60.778 60.778 82.550 86.291 82.550 60.778 60.778 82.550 86.291 82.550 60.778 60.778 82.550 86.291 82.550 60.778 60.778 82.550 86.291 82.550 60.778 60.778 82.550
69.159 0.000 0.000 69.159 0.000 0.000 69.159 0.000 0.000 69.159 0.000 0.000 69.159 0.000 0.000 69.159 0.000 0.000 69.159 0.000 0.000 69.159 0.000 0.000 69.159 0.000 0.000 69.159 0.000 0.000 104.757 91.393 72.333 72.333 45.952 104.757 91.393 72.333 72.333 45.952 104.757 91.393 72.333 72.333 45.952 104.757 91.393 72.333 72.333 45.952 104.757 91.393 72.333 72.333 45.952 104.757 91.393 72.333 72.333 45.952 104.757 91.393 72.333 72.333 45.952 104.757 91.393 72.333 72.333 45.952 104.757 91.393 72.333 72.333 45.952 104.757 91.393 72.333 72.333 45.952
69.159 0.000 0.000 69.159 0.000 0.000 69.159 0.000 0.000 69.159 0.000 0.000 69.159 0.000 0.000 69.159 0.000 0.000 69.159 0.000 0.000 69.159 0.000 0.000 69.159 0.000 0.000 69.159 0.000 0.000 104.757 91.393 72.333 72.333 45.952 104.757 91.393 72.333 72.333 45.952 104.757 91.393 72.333 72.333 45.952 104.757 91.393 72.333 72.333 45.952 104.757 91.393 72.333 72.333 45.952 104.757 91.393 72.333 72.333 45.952 104.757 91.393 72.333 72.333 45.952 104.757 91.393 72.333 72.333 45.952 104.757 91.393 72.333 72.333 45.952 104.757 91.393 72.333 72.333 45.952
0.000 69.159 69.159 0.000 69.159 69.159 0.000 69.159 69.159 0.000 69.159 69.159 0.000 69.159 69.159 0.000 69.159 69.159 0.000 69.159 69.159 0.000 69.159 69.159 0.000 69.159 69.159 0.000 69.159 69.159 86.291 82.550 60.778 60.778 82.550 86.291 82.550 60.778 60.778 82.550 86.291 82.550 60.778 60.778 82.550 86.291 82.550 60.778 60.778 82.550 86.291 82.550 60.778 60.778 82.550 86.291 82.550 60.778 60.778 82.550 86.291 82.550 60.778 60.778 82.550 86.291 82.550 60.778 60.778 82.550 86.291 82.550 60.778 60.778 82.550 86.291 82.550 60.778 60.778 82.550
69.159 0.000 0.000 69.159 0.000 0.000 69.159 0.000 0.000 69.159 0.000 0.000 69.159 0.000 0.000 69.159 0.000 0.000 69.159 0.000 0.000 69.159 0.000 0.000 69.159 0.000 0.000 69.159 0.000 0.000 104.757 91.393 72.333 72.333 45.952 104.757 91.393 72.333 72.333 45.952 104.757 91.393 72.333 72.333 45.952 104.757 91.393 72.333 72.333 45.952 104.757 91.393 72.333 72.333 45.952 104.757 91.393 72.333 72.333 45.952 104.757 91.393 72.333 72.333 45.952 104.757 91.393 72.333 72.333 45.952 104.757 91.393 72.333 72.333 45.952 104.757 91.393 72.333 72.333 45.952
69.159 0.000 0.000 69.159 0.000 0.000 69.159 0.000 0.000 69.159 0.000 0.000 69.159 0.000 0.000 69.159 0.000 0.000 69.159 0.000 0.000 69.159 0.000 0.000 69.159 0.000 0.000 69.159 0.000 0.000 104.757 91.393 72.333 72.333 45.952 104.757 91.393 72.333 72.333 45.952 104.757 91.393 72.333 72.333 45.952 104.757 91.393 72.333 72.333 45.952 104.757 91.393 72.333 72.333 45.952 104.757 91.393 72.333 72.333 45.952 104.757 91.393 72.333 72.333 45.952 104.757 91.393 72.333 72.333 45.952 104.757 91.393 72.333 72.333 45.952 104.757 91.393 72.333 72.333 45.952
0.000 69.159 69.159 0.000 69.159 69.159 0.000 69.159 69.159 0.000 69.159 69.159 0.000 69.159 69.159 0.000 69.159 69.159 0.000 69.159 69.159 0.000 69.159 69.159 0.000 69.159 69.159 0.000 69.159 69.159 86.291 82.550 60.778 60.778 82.550 86.291 82.550 60.778 60.778 82.550 86.291 82.550 60.778 60.778 82.550 86.291 82.550 60.778 60.778 82.550 86.291 82.550 60.778 60.778 82.550 86.291 82.550 60.778 60.778 82.550 86.291 82.550 60.778 60.778 82.550 86.291 82.550 60.778 60.778 82.550 86.291 82.550 60.778 60.778 82.550 86.291 82.550 60.778 60.778 82.550
69.159 0.000 0.000 69.159 0.000 0.000 69.159 0.000 0.000 69.159 0.000 0.000 69.159 0.000 0.000 69.159 0.000 0.000 69.159 0.000 0.000 69.159 0.000 0.000 69.159 0.000 0.000 69.159 0.000 0.000 104.757 91.393 72.333 72.333 45.952 104.757 91.393 72.333 72.333 45.952 104.757 91.393 72.333 72.333 45.952 104.757 91.393 72.333 72.333 45.952 104.757 91.393 72.333 72.333 45.952 104.757 91.393 72.333 72.333 45.952 104.757 91.393 72.333 72.333 45.952 104.757 91.393 72.333 72.333 45.952 104.757 91.393 72.333 72.333 45.952 104.757 91.393 72.333 72.333 45.952
69.159 0.000 0.000 69.159 0.000 0.000 69.159 0.000 0.000 69.159 0.000 0.000 69.159 0.000 0.000 69.159 0.000 0.000 69.159 0.000 0.000 69.159 0.000 0.000 69.159 0.000 0.000 69.159 0.000 0.000 104.757 91.393 72.333 72.333 45.952 104.757 91.393 72.333 72.333 45.952 104.757 91.393 72.333 72.333 45.952 104.757 91.393 72.333 72.333 45.952 104.757 91.393 72.333 72.333 45.952 104.757 91.393 72.333 72.333 45.952 104.757 91.393 72.333 72.333 45.952 104.757 91.393 72.333 72.333 45.952 104.757 91.393 72.333 72.333 45.952 104.757 91.393 72.333 72.333 45.952
0.000 69.159 69.159 0.000 69.159 69.159 0.000 69.159 69.159 0.000 69.159 69.159 0.000 69.159 69.159 0.000 69.159 69.159 0.000 69.159 69.159 0.000 69.159 69.159 0.000 69.159 69.159 0.000 69.159 69.159 86.291 82.550 60.778 60.778 82.550 86.291 82.550 60.778 60.778 82.550 86.291 82.550 60.778 60.778 82.550 86.291 82.550 60.778 60.778 82.550 86.291 82.550 60.778 60.778 82.550 86.291 82.550 60.778 60.778 82.550 86.291 82.550 60.778 60.778 82.550 86.291 82.550 60.778 60.778 82.550 86.291 82.550 60.778 60.778 82.550 86.291 82.550 60.778 60.778 82.550
69.159 0.000 0.000 69.159 0.000 0.000 69.159 0.000 0.000 69.159 0.000 0.000 69.159 0.000 0.000 69.159 0.000 0.000 69.159 0.000 0.000 69.159 0.000 0.000 69.159 0.000 0.000 69.159 0.000 0.000 104.757 91.393 72.333 72.333 45.952 104.757 91.393 72.333 72.333 45.952 104.757 91.393 72.333 72.333 45.952 104.757 91.393 72.333 72.333 45.952 104.757 91.393 72.333 72.333 45.952 104.757 91.393 72.333 72.333 45.952 104.757 91.393 72.333 72.333 45.952 104.757 91.393 72.333 72.333 45.952 104.757 91.393 72.333 72.333 45.952 104.757 91.393 72.333 72.333 45.952
69.159 0.000 0.000 69.159 0.000 0.000 69.159 0.000 0.000 69.159 0.000 0.000 69.159 0.000 0.000 69.159 0.000 0.000 69.159 0.000 0.000 69.159 0.000 0.000 69.159 0.000 0.000 69.159 0.000 0.000 104.757 91.393 72.333 72.333 45.952 104.757 91.393 72.333 72.333 45.952 104.757 91.393 72.333 72.333 45.952 104.757 91.393 72.333 72.333 45.952 104.757 91.393 72.333 72.333 45.952 104.757 91.393 72.333 72.333 45.952 104.757 91.393 72.333 72.333 45.952 104.757 91.393 72.333 72.333 45.952 104.757 91.393 72.333 72.333 45.952 104.757 91.393 72.333 72.333 45.952
0.000 69.159 69.159 0.000 69.159 69.159 0.000 69.159 69.159 0.000 69.159 69.159 0.000 69.159 69.159 0.000 69.159 69.159 0.000 69.159 69.159 0.000 69.159 69.159 0.000 69.159 69.159 0.000 69.159 69.159 86.291 82.550 60.778 60.778 82.550 86.291 82.550 60.778 60.778 82.550 86.291 82.550 60.778 60.778 82.550 86.291 82.550 60.778 60.778 82.550 86.291 82.550 60.778 60.778 82.550 86.291 82.550 60.778 60.778 82.550 86.291 82.550 60.778 60.778 82.550 86.291 82.550 60.778 60.778 82.550 86.291 82.550 60.778 60.778 82.550 86.291 82.550 60.778 60.778 82.550
69.159 0.000 0.000 69.159 0.000 0.000 69.159 0.000 0.000 69.159 0.000 0.000 69.159 0.000 0.000 69.159 0.000 0.000 69.159 0.000 0.000 69.159 0.000 0.000 69.159 0.000 0.000 69.159 0.000 0.000 104.757 91.393 72.333 72.333 45.952 104.757 91.393 72.333 72.333 45.952 104.757 91.393 72.333 72.333 45.952 104.757 91.393 72.333 72.333 45.952 104.757 91.393 72.333 72.333 45.952 104.757 91.393 72.333 72.333 45.952 104.757 91.393 72.333 72.333 45.952 104.757 91.393 72.333 72.333 45.952 104.757 91.393 72.333 72.333 45.952 104.757 91.393 72.333 72.333 45.952
69.159 0.000 0.000 69.159 0.000 0.000 69.159 0.000 0.000 69.159 0.000 0.000 69.159 0.000 0.000 69.159 0.000 0.000 69.159 0.000 0.000 69.159 0.000 0.000 69.159 0.000 0.000 69.159 0.000 0.000 104.757 91.393 72.333 72.333 45.952 104.757 91.393 72.333 72.333 45.952 104.757 91.393 72.333 72.333 45.952 104.757 91.393 72.333 72.333 45.952 104.757 91.393 72.333 72.333 45.952 104.757 91.393 72.333 72.333 45.952 104.757 91.393 72.333 72.333 45.952 104.757 91.393 72.333 72.333 45.952 104.757 91.393 72.333 72.333 45.952 104.757 91.393 72.333 72.333 45.952
0.000 69.159 69.159 0.000 69.159 69.159 0.000 69.159 69.159 0.000 69.159 69.159 0.000 69.159 69.159 0.000 69.159 69.159 0.000 69.159 69.159 0.000 69.159 69.159 0.000 69.159 69.159 0.000 69.159 69.159 86.291 82.550 60.778 60.778 82.550 86.291 82.550 60.778 60.778 82.550 86.291 82.550 60.778 60.778 82.550 86.291 82.550 60.778 60.778 82.550 86.291 82.550 60.778 60.778 82.550 86.291 82.550 60.778 60.778 82.550 86.291 82.550 60.778 60.778 82.550 86.291 82.550 60.778 60.778 82.550 86.291 82.550 60.778 60.778 82.550 86.291 82.550 60.778 60.778 82.550
69.159 0.000 0.000 69.159 0.000 0.000 69.159 0.000 0.000 69.159 0.000 0.000 69.159 0.000 0.000 69.159 0.000 0.000 69.159 0.000 0.000 69.159 0.000 0.000 69.159 0.000 0.000 69.159 0.000 0.000 104.757 91.393 72.333 72.333 45.952 104.757 91.393 72.333 72.333 45.952 104.757 91.393 72.333 72.333 45.952 104.757 91.393 72.333 72.333 45.952 104.757 91.393 72.333 72.333 45.952 104.757 91.393 72.333 72.333 45.952 104.757 91.393 72.333 72.333 45.952 104.757 91.393 72.333 72.333 45.952 104.757 91.393 72.333 72.333 45.952 104.757 91.393 72.333 72.333 45.952
69.159 0.000 0.000 69.159 0.000 0.000 69.159 0.000 0.000 69.159 0.000 0.000 69.159 0.000 0.000 69.159 0.000 0.000 69.159 0.000 0.000 69.159 0.000 0.000 69.159 0.000 0.000 69.159 0.000 0.000 104.757 91.393 72.333 72.333 45.952 104.757 91.393 72.333 72.333 45.952 104.757 91.393 72.333 72.333 45.952 104.757 91.393 72.333 72.333 45.952 104.757 91.393 72.333 72.333 45.952 104.757 91.393 72.333 72.333 45.952 104.757 91.393 72.333 72.333 45.952 104.757 91.393 72.333 72.333 45.952 104.757 91.393 72.333 72.333 45.952 104.757 91.393 72.333 72.333 45.952
0.000 69.159 69.159 0.000 69.159 69.159 0.000 69.159 69.159 0.000 69.159 69.159 0.000 69.159 69.159 0.000 69.159 69.159 0.000 69.159 69.159 0.000 69.159 69.159 0.000 69.159 69.159 0.000 69.159 69.159 86.291 82.550 60.778 60.778 82.550 86.291 82.550 60.778 60.778 82.550 86.291 82.550 60.778 60.778 82.550 86.291 82.550 60.778 60.778 82.550 86.291 82.550 60.778 60.778 82.550 86.291 82.550 60.778 60.778 82.550 86.291 82.550 60.778 60.778 82.550 86.291 82.550 60.778 60.778 82.550 86.291 82.550 60.778 60.778 82.550 86.291 82.550 60.778 60.778 82.550
69.159 0.000 0.000 69.159 0.000 0.000 69.159 0.000 0.000 69.159 0.000 0.000 69.159 0.000 0.000 69.159 0.000 0.000 69.159 0.000 0.000 69.159 0.000 0.000 69.159 0.000 0.000 69.159 0.000 0.000 104.757 91.393 72.333 72.333 45.952 104.757 91.393 72.333 72.333 45.952 104.757 91.393 72.333 72.333 45.952 104.757 91.393 72.333 72.333 45.952 104.757 91.393 72.333 72.333 45.952 104.757 91.393 72.333 72.333 45.952 104.757 91.393 72.333 72.333 45.952 104.757 91.393 72.333 72.333 45.952 104.757 91.393 72.333 72.333 45.952 104.757 91.393 72.333 72.333 45.952
69.159 0.000 0.000 69.159 0.000 0.000 69.159 0.000 0.000 69.159 0.000 0.000 69.159 0.000 0.000 69.159 0.000 0.000 69.159 0.000 0.000 69.159 0.000 0.000 69.159 0.000 0.000 69.159 0.000 0.000 104.757 91.393 72.333 72.333 45.952 104.757 91.393 72.333 72.333 45.952 104.757 91.393 72.333 72.333 45.952 104.757 91.393 72.333 72.333 45.952 104.757 91.393 72.333 72.333 45.952 104.757 91.393 72.333 72.333 45.952 104.757 91.393 72.333 72.333 45.952 104.757 91.393 72.333 72.333 45.952 104.757 91.393 72.333 72.333 45.952 104.757 91.393 72.333 72.333 45.952
0.000 69.159 69.159 0.000 69.159 69.159 0.000 69.159 69.159 0.000 69.159 69.159 0.000 69.159 69.159 0.000 69.159 69.159 0.000 69.159 69.159 0.000 69.159 69.159 0.000 69.159 69.159 0.000 69.159 69.159 86.291 82.550 60.778 60.778 82.550 86.291 82.550 60.778 60.778 82.550 86.291 82.550 60.778 60.778 82.550 86.291 82.550 60.778 60.778 82.550 86.291 82.550 60.778 60.778 82.550 86.291 82.550 60.778 60.778 82.550 86.291 82.550 60.778 60.778 82.550 86.291 82.550 60.778 60.778 82.550 86.291 82.550 60.778 60.778 82.550 86.291 82.550 60.778 60.778 82.550
69.159 0.000 0.000 69.159 0.000 0.000 69.159 0.000 0.000 69.159 0.000 0.000 69.159 0.000 0.000 69.159 0.000 0.000 69.159 0.000 0.000 69.159 0.000 0.000 69.159 0.000 0.000 69.159 0.000 0.000 104.757 91.393 72.333 72.333 45.952 104.757 91.393 72.333 72.333 45.952 104.757 91.393 72.333 72.333 45.952 104.757 91.393 72.333 72.333 45.952 104.757 91.393 72.333 72.333 45.952 104.757 91.393 72.333 72.333 45.952 104.757 91.393 72.333 72.333 45.952 104.757 91.393 72.333 72.333 45.952 104.757 91.393 72.333 72.333 45.952 104.757 91.393 72.333 72.333 45.952
69.159 0.000 0.000 69.159 0.000 0.000 69.159 0.000 0.000 69.159 0.000 0.000 69.159 0.000 0.000 69.159 0.000 0.000 69.159 0.000 0.000 69.159 0.000 0.000 69.159 0.000 0.000 69.159 0.000 0.000 104.757 91.393 72.333 72.333 45.952 104.757 91.393 72.333 72.333 45.952 104.757 91.393 72.333 72.333 45.952 104.757 91.393 72.333 72.333 45.952 104.757 91.393 72.333 72.333 45.952 104.757 91.393 72.333 72.333 45.952 104.757 91.393 72.333 72.333 45.952 104.757 91.393 72.333 72.333 45.952 104.757 91.393 72.333 72.333 45.952 104.757 91.393 72.333 72.333 45.952
0.000 69.159 69.159 0.000 69.159 69.159 0.000 69.159 69.159 0.000 69.159 69.159 0.000 69.159 69.159 0.000 69.159 69.159 0.000 69.159 69.159 0.000 69.159 69.159 0.000 69.159 69.159 0.000 69.159 69.159 86.291 82.550 60.778 60.778 82.550 86.291 82.550 60.778 60.778 82.550 86.291 82.550 60.778 60.778 82.550 86.291 82.550 60.778 60.778 82.550 86.291 82.550 60.778 60.778 82.550 86.291 82.550 60.778 60.778 82.550 86.291 82.550 60.778 60.778 82.550 86.291 82.550 60.778 60.778 82.550 86.291 82.550 60.778 60.778 82.550 86.291 82.550 60.778 60.778 82.550
69.159 0.000 0.000 69.159 0.000 0.000 69.159 0.000 0.000 69.159 0.000 0.000 69.159 0.000 0.000 69.159 0.000 0.000 69.159 0.000 0.000 69.159 0.000 0.000 69.159 0.000 0.000 69.159 0.000 0.000 104.757 91.393 72.333 72.333 45.952 104.757 91.393 72.333 72.333 45.952 104.757 91.393 72.333 72.333 45.952 104.757 91.393 72.333 72.333 45.952 104.757 91.393 72.333 72.333 45.952 104.757 91.393 72.333 72.333 45.952 104.757 91.393 72.333 72.333 45.952 104.757 91.393 72.333 72.333 45.952 104.757 91.393 72.333 72.333 45.952 104.757 91.393 72.333 72.333 45.952
69.159 0.000 0.000 69.159 0.000 0.000 69.159 0.000 0.000 69.159 0.000 0.000 69.159 0.000 0.000 69.159 0.000 0.000 69.159 0.000 0.000 69.159 0.000 0.000 69.159 0.000 0.000 69.159 0.000 0.000 104.757 91.393 72.333 72.333 45.952 104.757 91.393 72.333 72.333 45.952 104.757 91.393 72.333 72.333 45.952 104.757 91.393 72.333 72.333 45.952 104.757 91.393 72.333 72.333 45.952 104.757 91.393 72.333 72.333 45.952 104.757 91.393 72.333 72.333 45.952 104.757 91.393 72.333 72.333 45.952 104.757 91.393 72.333 72.333 45.952 104.757 91.393 72.333 72.333 45.952
86.291 104.757 104.757 86.291 104.757 104.757 86.291 104.757 104.757 86.291 104.757 104.757 86.291 104.757 104.757 86.291 104.757 104.757 86.291 104.757 104.757 86.291 104.757 104.757 86.291 104.757 104.757 86.291 104.757 104.757 0.000 64.991 85.699 85.699 102.298 0.000 64.991 85.699 85.699 102.298 0.000 64.991 85.699 85.699 102.298 0.000 64.991 85.699 85.699 102.298 0.000 64.991 85.699 85.699 102.298 0.000 64.991 85.699 85.699 102.298 0.000 64.991 85.699 85.699 102.298 0.000 64.991 85.699 85.699 102.298 0.000 64.991 85.699 85.699 102.298 0.000 64.991 85.699 85.699 102.298
82.550 91.393 91.393 82.550 91.393 91.393 82.550 91.393 91.393 82.550 91.393 91.393 82.550 91.393 91.393 82.550 91.393 91.393 82.550 91.393 91.393 82.550 91.393 91.393 82.550 91.393 91.393 82.550 91.393 91.393 64.991 0.000 55.861 55.861 79.000 64.991 0.000 55.861 55.861 79.000 64.991 0.000 55.861 55.861 79.000 64.991 0.000 55.861 55.861 79.000 64.991 0.000 55.861 55.861 79.000 64.991 0.000 55.861 55.861 79.000 64.991 0.000 55.861 55.861 79.000 64.991 0.000 55.861 55.861 79.000 64.991 0.000 55.861 55.861 79.000 64.991 0.000 55.861 55.861 79.000
60.778 72.333 72.333 60.778 72.333 72.333 60.778 72.333 72.333 60.778 72.333 72.333 60.778 72.333 72.333 60.778 72.333 72.333 60.778 72.333 72.333 60.778 72.333 72.333 60.778 72.333 72.333 60.778 72.333 72.333 85.699 55.861 0.000 0.000 55.861 85.699 55.861 0.000 0.000 55.861 85.699 55.861 0.000 0.000 55.861 85.699 55.861 0.000 0.000 55.861 85.699 55.861 0.000 0.000 55.861 85.699 55.861 0.000 0.000 55.861 85.699 55.861 0.000 0.000 55.861 85.699 55.861 0.000 0.000 55.861 85.699 55.861 0.000 0.000 55.861 85.699 55.861 0.000 0.000 55.861
60.778 72.333 72.333 60.778 72.333 72.333 60.778 72.333 72.333 60.778 72.333 72.333 60.778 72.333 72.333 60.778 72.333 72.333 60.778 72.333 72.333 60.778 72.333 72.333 60.778 72.333 72.333 60.778 72.333 72.333 85.699 55.861 0.000 0.000 55.861 85.699 55.861 0.000 0.000 55.861 85.699 55.861 0.000 0.000 55.861 85.699 55.861 0.000 0.000 55.861 85.699 55.861 0.000 0.000 55.861 85.699 55.861 0.000 0.000 55.861 85.699 55.861 0.000 0.000 55.861 85.699 55.861 0.000 0.000 55.861 85.699 55.861 0.000 0.000 55.861 85.699 55.861 0.000 0.000 55.861
82.550 45.952 45.952 82.550 45.952 45.952 82.550 45.952 45.952 82.550 45.952 45.952 82.550 45.952 45.952 82.550 45.952 45.952 82.550 45.952 45.952 82.550 45.952 45.952 82.550 45.952 45.952 82.550 45.952 45.952 102.298 79.000 55.861 55.861 0.000 102.298 79.000 55.861 55.861 0.000 102.298 79.000 55.861 55.861 0.000 102.298 79.000 55.861 55.861 0.000 102.298 79.000 55.861 55.861 0.000 102.298 79.000 55.861 55.861 0.000 102.298 79.000 55.861 55.861 0.000 102.298 79.000 55.861 55.861 0.000 102.298 79.000 55.861 55.861 0.000 102.298 79.000 55.861 55.861 0.000
86.291 104.757 104.757 86.291 104.757 104.757 86.291 104.757 104.757 86.291 104.757 104.757 86.291 104.757 104.757 86.291 104.757 104.757 86.291 104.757 104.757 86.291 104.757 104.757 86.291 104.757 104.757 86.291 104.757 104.757 0.000 64.991 85.699 85.699 102.298 0.000 64.991 85.699 85.699 102.298 0.000 64.991 85.699 85.699 102.298 0.000 64.991 85.699 85.699 102.298 0.000 64.991 85.699 85.699 102.298 0.000 64.991 85.699 85.699 102.298 0.000 64.991 85.699 85.699 102.298 0.000 64.991 85.699 85.699 102.298 0.000 64.991 85.699 85.699 102.298 0.000 64.991 85.699 85.699 102.298
82.550 91.393 91.393 82.550 91.393 91.393 82.550 91.393 91.393 82.550 91.393 91.393 82.550 91.393 91.393 82.550 91.393 91.393 82.550 91.393 91.393 82.550 91.393 91.393 82.550 91.393 91.393 82.550 91.393 91.393 64.991 0.000 55.861 55.861 79.000 64.991 0.000 55.861 55.861 79.000 64.991 0.000 55.861 55.861 79.000 64.991 0.000 55.861 55.861 79.000 64.991 0.000 55.861 55.861 79.000 64.991 0.000 55.861 55.861 79.000 64.991 0.000 55.861 55.861 79.000 64.991 0.000 55.861 55.861 79.000 64.991 0.000 55.861 55.861 79.000 64.991 0.000 55.861 55.861 79.000
60.778 72.333 72.333 60.778 72.333 72.333 60.778 72.333 72.333 60.778 72.333 72.333 60.778 72.333 72.333 60.778 72.333 72.333 60.778 72.333 72.333 60.778 72.333 72.333 60.778 72.333 72.333 60.778 72.333 72.333 85.699 55.861 0.000 0.000 55.861 85.699 55.861 0.000 0.000 55.861 85.699 55.861 0.000 0.000 55.861 85.699 55.861 0.000 0.000 55.861 85.699 55.861 0.000 0.000 55.861 85.699 55.861 0.000 0.000 55.861 85.699 55.861 0.000 0.000 55.861 85.699 55.861 0.000 0.000 55.861 85.699 55.861 0.000 0.000 55.861 85.699 55.861 0.000 0.000 55.861
60.778 72.333 72.333 60.778 72.333 72.333 60.778 72.333 72.333 60.778 72.333 72.333 60.778 72.333 72.333 60.778 72.333 72.333 60.778 72.333 72.333 60.778 72.333 72.333 60.778 72.333 72.333 60.778 72.333 72.333 85.699 55.861 0.000 0.000 55.861 85.699 55.861 0.000 0.000 55.861 85.699 55.861 0.000 0.000 55.861 85.699 55.861 0.000 0.000 55.861 85.699 55.861 0.000 0.000 55.861 85.699 55.861 0.000 0.000 55.861 85.699 55.861 0.000 0.000 55.861 85.699 55.861 0.000 0.000 55.861 85.699 55.861 0.000 0.000 55.861 85.699 55.861 0.000 0.000 55.861
82.550 45.952 45.952 82.550 45.952 45.952 82.550 45.952 45.952 82.550 45.952 45.952 82.550 45.952 45.952 82.550 45.952 45.952 82.550 45.952 45.952 82.550 45.952 45.952 82.550 45.952 45.952 82.550 45.952 45.952 102.298 79.000 55.861 55.861 0.000 102.298 79.000 55.861 55.861 0.000 102.298 79.000 55.861 55.861 0.000 102.298 79.000 55.861 55.861 0.000 102.298 79.000 55.861 55.861 0.000 102.298 79.000 55.861 55.861 0.000 102.298 79.000 55.861 55.861 0.000 102.298 79.000 55.861 55.861 0.000 102.298 79.000 55.861 55.861 0.000 102.298 79.000 55.861 55.861 0.000
86.291 104.757 104.757 86.291 104.757 104.757 86.291 104.757 104.757 86.291 104.757 104.757 86.291 104.757 104.757 86.291 104.757 104.757 86.291 104.757 104.757 86.291 104.757 104.757 86.291 104.757 104.757 86.291 104.757 104.757 0.000 64.991 85.699 85.699 102.298 0.000 64.991 85.699 85.699 102.298 0.000 64.991 85.699 85.699 102.298 0.000 64.991 85.699 85.699 102.298 0.000 64.991 85.699 85.699 102.298 0.000 64.991 85.699 85.699 102.298 0.000 64.991 85.699 85.699 102.298 0.000 64.991 85.699 85.699 102.298 0.000 64.991 85.699 85.699 102.298 0.000 64.991 85.699 85.699 102.298
82.550 91.393 91.393 82.550 91.393 91.393 82.550 91.393 91.393 82.550 91.393 91.393 82.550 91.393 91.393 82.550 91.393 91.393 82.550 91.393 91.393 82.550 91.393 91.393 82.550 91.393 91.393 82.550 91.393 91.393 64.991 0.000 55.861 55.861 79.000 64.991 0.000 55.861 55.861 79.000 64.991 0.000 55.861 55.861 79.000 64.991 0.000 55.861 55.861 79.000 64.991 0.000 55.861 55.861 79.000 64.991 0.000 55.861 55.861 79.000 64.991 0.000 55.861 55.861 79.000 64.991 0.000 55.861 55.861 79.000 64.991 0.000 55.861 55.861 79.000 64.991 0.000 55.861 55.861 79.000
60.778 72.333 72.333 60.778 72.333 72.333 60.778 72.333 72.333 60.778 72.333 72.333 60.778 72.333 72.333 60.778 72.333 72.333 60.778 72.333 72.333 60.778 72.333 72.333 60.778 72.333 72.333 60.778 72.333 72.333 85.699 55.861 0.000 0.000 55.861 85.699 55.861 0.000 0.000 55.861 85.699 55.861 0.000 0.000 55.861 85.699 55.861 0.000 0.000 55.861 85.699 55.861 0.000 0.000 55.861 85.699 55.861 0.000 0.000 55.861 85.699 55.861 0.000 0.000 55.861 85.699 55.861 0.000 0.000 55.861 85.699 55.861 0.000 0.000 55.861 85.699 55.861 0.000 0.000 55.861
60.778 72.333 72.333 60.778 72.333 72.333 60.778 72.333 72.333 60.778 72.333 72.333 60.778 72.333 72.333 60.778 72.333 72.333 60.778 72.333 72.333 60.778 72.333 72.333 60.778 72.333 72.333 60.778 72.333 72.333 85.699 55.861 0.000 0.000 55.861 85.699 55.861 0.000 0.000 55.861 85.699 55.861 0.000 0.000 55.861 85.699 55.861 0.000 0.000 55.861 85.699 55.861 0.000 0.000 55.861 85.699 55.861 0.000 0.000 55.861 85.699 55.861 0.000 0.000 55.861 85.699 55.861 0.000 0.000 55.861 85.699 55.861 0.000 0.000 55.861 85.699 55.861 0.000 0.000 55.861
82.550 45.952 45.952 82.550 45.952 45.952 82.550 45.952 45.952 82.550 45.952 45.952 82.550 45.952 45.952 82.550 45.952 45.952 82.550 45.952 45.952 82.550 45.952 45.952 82.550 45.952 45.952 82.550 45.952 45.952 102.298 79.000 55.861 55.861 0.000 102.298 79.000 55.861 55.861 0.000 102.298 79.000 55.861 55.861 0.000 102.298 79.000 55.861 55.861 0.000 102.298 79.000 55.861 55.861 0.000 102.298 79.000 55.861 55.861 0.000 102.298 79.000 55.861 55.861 0.000 102.298 79.000 55.861 55.861 0.000 102.298 79.000 55.861 55.861 0.000 102.298 79.000 55.861 55.861 0.000
86.291 104.757 104.757 86.291 104.757 104.757 86.291 104.757 104.757 86.291 104.757 104.757 86.291 104.757 104.757 86.291 104.757 104.757 86.291 104.757 104.757 86.291 104.757 104.757 86.291 104.757 104.757 86.291 104.757 104.757 0.000 64.991 85.699 85.699 102.298 0.000 64.991 85.699 85.699 102.298 0.000 64.991 85.699 85.699 102.298 0.000 64.991 85.699 85.699 102.298 0.000 64.991 85.699 85.699 102.298 0.000 64.991 85.699 85.699 102.298 0.000 64.991 85.699 85.699 102.298 0.000 64.991 85.699 85.699 102.298 0.000 64.991 85.699 85.699 102.298 0.000 64.991 85.699 85.699 102.298
82.550 91.393 91.393 82.550 91.393 91.393 82.550 91.393 91.393 82.550 91.393 91.393 82.550 91.393 91.393 82.550 91.393 91.393 82.550 91.393 91.393 82.550 91.393 91.393 82.550 91.393 91.393 82.550 91.393 91.393 64.991 0.000 55.861 55.861 79.000 64.991 0.000 55.861 55.861 79.000 64.991 0.000 55.861 55.861 79.000 64.991 0.000 55.861 55.861 79.000 64.991 0.000 55.861 55.861 79.000 64.991 0.000 55.861 55.861 79.000 64.991 0.000 55.861 55.861 79.000 64.991 0.000 55.861 55.861 79.000 64.991 0.000 55.861 55.861 79.000 64.991 0.000 55.861 55.861 79.000
60.778 72.333 72.333 60.778 72.333 72.333 60.778 72.333 72.333 60.778 72.333 72.333 60.778 72.333 72.333 60.778 72.333 72.333 60.778 72.333 72.333 60.778 72.333 72.333 60.778 72.333 72.333 60.778 72.333 72.333 85.699 55.861 0.000 0.000 55.861 85.699 55.861 0.000 0.000 55.861 85.699 55.861 0.000 0.000 55.861 85.699 55.861 0.000 0.000 55.861 85.699 55.861 0.000 0.000 55.861 85.699 55.861 0.000 0.000 55.861 85.699 55.861 0.000 0.000 55.861 85.699 55.861 0.000 0.000 55.861 85.699 55.861 0.000 0.000 55.861 85.699 55.861 0.000 0.000 55.861
60.778 72.333 72.333 60.778 72.333 72.333 60.778 72.333 72.333 60.778 72.333 72.333 60.778 72.333 72.333 60.778 72.333 72.333 60.778 72.333 72.333 60.778 72.333 72.333 60.778 72.333 72.333 60.778 72.333 72.333 85.699 55.861 0.000 0.000 55.861 85.699 55.861 0.000 0.000 55.861 85.699 55.861 0.000 0.000 55.861 85.699 55.861 0.000 0.000 55.861 85.699 55.861 0.000 0.000 55.861 85.699 55.861 0.000 0.000 55.861 85.699 55.861 0.000 0.000 55.861 85.699 55.861 0.000 0.000 55.861 85.699 55.861 0.000 0.000 55.861 85.699 55.861 0.000 0.000 55.861
82.550 45.952 45.952 82.550 45.952 45.952 82.550 45.952 45.952 82.550 45.952 45.952 82.550 45.952 45.952 82.550 45.952 45.952 82.550 45.952 45.952 82.550 45.952 45.952 82.550 45.952 45.952 82.550 45.952 45.952 102.298 79.000 55.861 55.861 0.000 102.298 79.000 55.861 55.861 0.000 102.298 79.000 55.861 55.861 0.000 102.298 79.000 55.861 55.861 0.000 102.298 79.000 55.861 55.861 0.000 102.298 79.000 55.861 55.861 0.000 102.298 79.000 55.861 55.861 0.000 102.298 79.000 55.861 55.861 0.000 102.298 79.000 55.861 55.861 0.000 102.298 79.000 55.861 55.861 0.000
86.291 104.757 104.757 86.291 104.757 104.757 86.291 104.757 104.757 86.291 104.757 104.757 86.291 104.757 104.757 86.291 104.757 104.757 86.291 104.757 104.757 86.291 104.757 104.757 86.291 104.757 104.757 86.291 104.757 104.757 0.000 64.991 85.699 85.699 102.298 0.000 64.991 85.699 85.699 102.298 0.000 64.991 85.699 85.699 102.298 0.000 64.991 85.699 85.699 102.298 0.000 64.991 85.699 85.699 102.298 0.000 64.991 85.699 85.699 102.298 0.000 64.991 85.699 85.699 102.298 0.000 64.991 85.699 85.699 102.298 0.000 64.991 85.699 85.699 102.298 0.000 64.991 85.699 85.699 102.298
82.550 91.393 91.393 82.550 91.393 91.393 82.550 91.393 91.393 82.550 91.393 91.393 82.550 91.393 91.393 82.550 91.393 91.393 82.550 91.393 91.393 82.550 91.393 91.393 82.550 91.393 91.393 82.550 91.393 91.393 64.991 0.000 55.861 55.861 79.000 64.991 0.000 55.861 55.861 79.000 64.991 0.000 55.861 55.861 79.000 64.991 0.000 55.861 55.861 79.000 64.991 0.000 55.861 55.861 79.000 64.991 0.000 55.861 55.861 79.000 64.991 0.000 55.861 55.861 79.000 64.991 0.000 55.861 55.861 79.000 64.991 0.000 55.861 55.861 79.000 64.991 0.000 55.861 55.861 79.000
60.778 72.333 72.333 60.778 72.333 72.333 60.778 72.333 72.333 60.778 72.333 72.333 60.778 72.333 72.333 60.778 72.333 72.333 60.778 72.333 72.333 60.778 72.333 72.333 60.778 72.333 72.333 60.778 72.333 72.333 85.699 55.861 0.000 0.000 55.861 85.699 55.861 0.000 0.000 55.861 85.699 55.861 0.000 0.000 55.861 85.699 55.861 0.000 0.000 55.861 85.699 55.861 0.000 0.000 55.861 85.699 55.861 0.000 0.000 55.861 85.699 55.861 0.000 0.000 55.861 85.699 55.861 0.000 0.000 55.861 85.699 55.861 0.000 0.000 55.861 85.699 55.861 0.000 0.000 55.861
60.778 72.333 72.333 60.778 72.333 72.333 60.778 72.333 72.333 60.778 72.333 72.333 60.778 72.333 72.333 60.778 72.333 72.333 60.778 72.333 72.333 60.778 72.333 72.333 60.778 72.333 72.333 60.778 72.333 72.333 85.699 55.861 0.000 0.000 55.861 85.699 55.861 0.000 0.000 55.861 85.699 55.861 0.000 0.000 55.861 85.699 55.861 0.000 0.000 55.861 85.699 55.861 0.000 0.000 55.861 85.699 55.861 0.000 0.000 55.861 85.699 55.861 0.000 0.000 55.861 85.699 55.861 0.000 0.000 55.861 85.699 55.861 0.000 0.000 55.861 85.699 55.861 0.000 0.000 55.861
82.550 45.952 45.952 82.550 45.952 45.952 82.550 45.952 45.952 82.550 45.952 45.952 82.550 45.952 45.952 82.550 45.952 45.952 82.550 45.952 45.952 82.550 45.952 45.952 82.550 45.952 45.952 82.550 45.952 45.952 102.298 79.000 55.861 55.861 0.000 102.298 79.000 55.861 55.861 0.000 102.298 79.000 55.861 55.861 0.000 102.298 79.000 55.861 55.861 0.000 102.298 79.000 55.861 55.861 0.000 102.298 79.000 55.861 55.861 0.000 102.298 79.000 55.861 55.861 0.000 102.298 79.000 55.861 55.861 0.000 102.298 79.000 55.861 55.861 0.000 102.298 79.000 55.861 55.861 0.000
86.291 104.757 104.757 86.291 104.757 104.757 86.291 104.757 104.757 86.291 104.757 104.757 86.291 104.757 104.757 86.291 104.757 104.757 86.291 104.757 104.757 86.291 104.757 104.757 86.291 104.757 104.757 86.291 104.757 104.757 0.000 64.991 85.699 85.699 102.298 0.000 64.991 85.699 85.699 102.298 0.000 64.991 85.699 85.699 102.298 0.000 64.991 85.699 85.699 102.298 0.000 64.991 85.699 85.699 102.298 0.000 64.991 85.699 85.699 102.298 0.000 64.991 85.699 85.699 102.298 0.000 64.991 85.699 85.699 102.298 0.000 64.991 85.699 85.699 102.298 0.000 64.991 85.699 85.699 102.298
82.550 91.393 91.393 82.550 91.393 91.393 82.550 91.393 91.393 82.550 91.393 91.393 82.550 91.393 91.393 82.550 91.393 91.393 82.550 91.393 91.393 82.550 91.393 91.393 82.550 91.393 91.393 82.550 91.393 91.393 64.991 0.000 55.861 55.861 79.000 64.991 0.000 55.861 55.861 79.000 64.991 0.000 55.861 55.861 79.000 64.991 0.000 55.861 55.861 79.000 64.991 0.000 55.861 55.861 79.000 64.991 0.000 55.861 55.861 79.000 64.991 0.000 55.861 55.861 79.000 64.991 0.000 55.861 55.861 79.000 64.991 0.000 55.861 55.861 79.000 64.991 0.000 55.861 55.861 79.000
60.778 72.333 72.333 60.778 72.333 72.333 60.778 72.333 72.333 60.778 72.333 72.333 60.778 72.333 72.333 60.778 72.333 72.333 60.778 72.333 72.333 60.778 72.333 72.333 60.778 72.333 72.333 60.778 72.333 72.333 85.699 55.861 0.000 0.000 55.861 85.699 55.861 0.000 0.000 55.861 85.699 55.861 0.000 0.000 55.861 85.699 55.861 0.000 0.000 55.861 85.699 55.861 0.000 0.000 55.861 85.699 55.861 0.000 0.000 55.861 85.699 55.861 0.000 0.000 55.861 85.699 55.861 0.000 0.000 55.861 85.699 55.861 0.000 0.000 55.861 85.699 55.861 0.000 0.000 55.861
60.778 72.333 72.333 60.778 72.333 72.333 60.778 72.333 72.333 60.778 72.333 72.333 60.778 72.333 72.333 60.778 72.333 72.333 60.778 72.333 72.333 60.778 72.333 72.333 60.778 72.333 72.333 60.778 72.333 72.333 85.699 55.861 0.000 0.000 55.861 85.699 55.861 0.000 0.000 55.861 85.699 55.861 0.000 0.000 55.861 85.699 55.861 0.000 0.000 55.861 85.699 55.861 0.000 0.000 55.861 85.699 55.861 0.000 0.000 55.861 85.699 55.861 0.000 0.000 55.861 85.699 55.861 0.000 0.000 55.861 85.699 55.861 0.000 0.000 55.861 85.699 55.861 0.000 0.000 55.861
82.550 45.952 45.952 82.550 45.952 45.952 82.550 45.952 45.952 82.550 45.952 45.952 82.550 45.952 45.952 82.550 45.952 45.952 82.550 45.952 45.952 82.550 45.952 45.952 82.550 45.952 45.952 82.550 45.952 45.952 102.298 79.000 55.861 55.861 0.000 102.298 79.000 55.861 55.861 0.000 102.298 79.000 55.861 55.861 0.000 102.298 79.000 55.861 55.861 0.000 102.298 79.000 55.861 55.861 0.000 102.298 79.000 55.861 55.861 0.000 102.298 79.000 55.861 55.861 0.000 102.298 79.000 55.861 55.861 0.000 102.298 79.000 55.861 55.861 0.000 102.298 79.000 55.861 55.861 0.000
86.291 104.757 104.757 86.291 104.757 104.757 86.291 104.757 104.757 86.291 104.757 104.757 86.291 104.757 104.757 86.291 104.757 104.757 86.291 104.757 104.757 86.291 104.757 104.757 86.291 104.757 104.757 86.291 104.757 104.757 0.000 64.991 85.699 85.699 102.298 0.000 64.991 85.699 85.699 102.298 0.000 64.991 85.699 85.699 102.298 0.000 64.991 85.699 85.699 102.298 0.000 64.991 85.699 85.699 102.298 0.000 64.991 85.699 85.699 102.298 0.000 64.991 85.699 85.699 102.298 0.000 64.991 85.699 85.699 102.298 0.000 64.991 85.699 85.699 102.298 0.000 64.991 85.699 85.699 102.298
82.550 91.393 91.393 82.550 91.393 91.393 82.550 91.393 91.393 82.550 91.393 91.393 82.550 91.393 91.393 82.550 91.393 91.393 82.550 91.393 91.393 82.550 91.393 91.393 82.550 91.393 91.393 82.550 91.393 91.393 64.991 0.000 55.861 55.861 79.000 64.991 0.000 55.861 55.861 79.000 64.991 0.000 55.861 55.861 79.000 64.991 0.000 55.861 55.861 79.000 64.991 0.000 55.861 55.861 79.000 64.991 0.000 55.861 55.861 79.000 64.991 0.000 55.861 55.861 79.000 64.991 0.000 55.861 55.861 79.000 64.991 0.000 55.861 55.861 79.000 64.991 0.000 55.861 55.861 79.000
60.778 72.333 72.333 60.778 72.333 72.333 60.778 72.333 72.333 60.778 72.333 72.333 60.778 72.333 72.333 60.778 72.333 72.333 60.778 72.333 72.333 60.778 72.333 72.333 60.778 72.333 72.333 60.778 72.333 72.333 85.699 55.861 0.000 0.000 55.861 85.699 55.861 0.000 0.000 55.861 85.699 55.861 0.000 0.000 55.861 85.699 55.861 0.000 0.000 55.861 85.699 55.861 0.000 0.000 55.861 85.699 55.861 0.000 0.000 55.861 85.699 55.861 0.000 0.000 55.861 85.699 55.861 0.000 0.000 55.861 85.699 55.861 0.000 0.000 55.861 85.699 55.861 0.000 0.000 55.861
60.778 72.333 72.333 60.778 72.333 72.333 60.778 72.333 72.333 60.778 72.333 72.333 60.778 72.333 72.333 60.778 72.333 72.333 60.778 72.333 72.333 60.778 72.333 72.333 60.778 72.333 72.333 60.778 72.333 72.333 85.699 55.861 0.000 0.000 55.861 85.699 55.861 0.000 0.000 55.861 85.699 55.861 0.000 0.000 55.861 85.699 55.861 0.000 0.000 55.861 85.699 55.861 0.000 0.000 55.861 85.699 55.861 0.000 0.000 55.861 85.699 55.861 0.000 0.000 55.861 85.699 55.861 0.000 0.000 55.861 85.699 55.861 0.000 0.000 55.861 85.699 55.861 0.000 0.000 55.861
82.550 45.952 45.952 82.550 45.952 45.952 82.550 45.952 45.952 82.550 45.952 45.952 82.550 45.952 45.952 82.550 45.952 45.952 82.550 45.952 45.952 82.550 45.952 45.952 82.550 45.952 45.952 82.550 45.952 45.952 102.298 79.000 55.861 55.861 0.000 102.298 79.000 55.861 55.861 0.000 102.298 79.000 55.861 55.861 0.000 102.298 79.000 55.861 55.861 0.000 102.298 79.000 55.861 55.861 0.000 102.298 79.000 55.861 55.861 0.000 102.298 79.000 55.861 55.861 0.000 102.298 79.000 55.861 55.861 0.000 102.298 79.000 55.861 55.861 0.000 102.298 79.000 55.861 55.861 0.000
86.291 104.757 104.757 86.291 104.757 104.757 86.291 104.757 104.757 86.291 104.757 104.757 86.291 104.757 104.757 86.291 104.757 104.757 86.291 104.757 104.757 86.291 104.757 104.757 86.291 104.757 104.757 86.291 104.757 104.757 0.000 64.991 85.699 85.699 102.298 0.000 64.991 85.699 85.699 102.298 0.000 64.991 85.699 85.699 102.298 0.000 64.991 85.699 85.699 102.298 0.000 64.991 85.699 85.699 102.298 0.000 64.991 85.699 85.699 102.298 0.000 64.991 85.699 85.699 102.298 0.000 64.991 85.699 85.699 102.298 0.000 64.991 85.699 85.699 102.298 0.000 64.991 85.699 85.699 102.298
82.550 91.393 91.393 82.550 91.393 91.393 82.550 91.393 91.393 82.550 91.393 91.393 82.550 91.393 91.393 82.550 91.393 91.393 82.550 91.393 91.393 82.550 91.393 91.393 82.550 91.393 91.393 82.550 91.393 91.393 64.991 0.000 55.861 55.861 79.000 64.991 0.000 55.861 55.861 79.000 64.991 0.000 55.861 55.861 79.000 64.991 0.000 55.861 55.861 79.000 64.991 0.000 55.861 55.861 79.000 64.991 0.000 55.861 55.861 79.000 64.991 0.000 55.861 55.861 79.000 64.991 0.000 55.861 55.861 79.000 64.991 0.000 55.861 55.861 79.000 64.991 0.000 55.861 55.861 79.000
60.778 72.333 72.333 60.778 72.333 72.333 60.778 72.333 72.333 60.778 72.333 72.333 60.778 72.333 72.333 60.778 72.333 72.333 60.778 72.333 72.333 60.778 72.333 72.333 60.778 72.333 72.333 60.778 72.333 72.333 85.699 55.861 0.000 0.000 55.861 85.699 55.861 0.000 0.000 55.861 85.699 55.861 0.000 0.000 55.861 85.699 55.861 0.000 0.000 55.861 85.699 55.861 0.000 0.000 55.861 85.699 55.861 0.000 0.000 55.861 85.699 55.861 0.000 0.000 55.861 85.699 55.861 0.000 0.000 55.861 85.699 55.861 0.000 0.000 55.861 85.699 55.861 0.000 0.000 55.861
60.778 72.333 72.333 60.778 72.333 72.333 60.778 72.333 72.333 60.778 72.333 72.333 60.778 72.333 72.333 60.778 72.333 72.333 60.778 72.333 72.333 60.778 72.333 72.333 60.778 72.333 72.333 60.778 72.333 72.333 85.699 55.861 0.000 0.000 55.861 85.699 55.861 0.000 0.000 55.861 85.699 55.861 0.000 0.000 55.861 85.699 55.861 0.000 0.000 55.861 85.699 55.861 0.000 0.000 55.861 85.699 55.861 0.000 0.000 55.861 85.699 55.861 0.000 0.000 55.861 85.699 55.861 0.000 0.000 55.861 85.699 55.861 0.000 0.000 55.861 85.699 55.861 0.000 0.000 55.861
82.550 45.952 45.952 82.550 45.952 45.952 82.550 45.952 45.952 82.550 45.952 45.952 82.550 45.952 45.952 82.550 45.952 45.952 82.550 45.952 45.952 82.550 45.952 45.952 82.550 45.952 45.952 82.550 45.952 45.952 102.298 79.000 55.861 55.861 0.000 102.298 79.000 55.861 55.861 0.000 102.298 79.000 55.861 55.861 0.000 102.298 79.000 55.861 55.861 0.000 102.298 79.000 55.861 55.861 0.000 102.298 79.000 55.861 55.861 0.000 102.298 79.000 55.861 55.861 0.000 102.298 79.000 55.861 55.861 0.000 102.298 79.000 55.861 55.861 0.000 102.298 79.000 55.861 55.861 0.000
86.291 104.757 104.757 86.291 104.757 104.757 86.291 104.757 104.757 86.291 104.757 104.757 86.291 104.757 104.757 86.291 104.757 104.757 86.291 104.757 104.757 86.291 104.757 104.757 86.291 104.757 104.757 86.291 104.757 104.757 0.000 64.991 85.699 85.699 102.298 0.000 64.991 85.699 85.699 102.298 0.000 64.991 85.699 85.699 102.298 0.000 64.991 85.699 85.699 102.298 0.000 64.991 85.699 85.699 102.298 0.000 64.991 85.699 85.699 102.298 0.000 64.991 85.699 85.699 102.298 0.000 64.991 85.699 85.699 102.298 0.000 64.991 85.699 85.699 102.298 0.000 64.991 85.699 85.699 102.298
82.550 91.393 91.393 82.550 91.393 91.393 82.550 91.393 91.393 82.550 91.393 91.393 82.550 91.393 91.393 82.550 91.393 91.393 82.550 91.393 91.393 82.550 91.393 91.393 82.550 91.393 91.393 82.550 91.393 91.393 64.991 0.000 55.861 55.861 79.000 64.991 0.000 55.861 55.861 79.000 64.991 0.000 55.861 55.861 79.000 64.991 0.000 55.861 55.861 79.000 64.991 0.000 55.861 55.861 79.000 64.991 0.000 55.861 55.861 79.000 64.991 0.000 55.861 55.861 79.000 64.991 0.000 55.861 55.861 79.000 64.991 0.000 55.861 55.861 79.000 64.991 0.000 55.861 55.861 79.000
60.778 72.333 72.333 60.778 72.333 72.333 60.778 72.333 72.333 60.778 72.333 72.333 60.778 72.333 72.333 60.778 72.333 72.333 60.778 72.333 72.333 60.778 72.333 72.333 60.778 72.333 72.333 60.778 72.333 72.333 85.699 55.861 0.000 0.000 55.861 85.699 55.861 0.000 0.000 55.861 85.699 55.861 0.000 0.000 55.861 85.699 55.861 0.000 0.000 55.861 85.699 55.861 0.000 0.000 55.861 85.699 55.861 0.000 0.000 55.861 85.699 55.861 0.000 0.000 55.861 85.699 55.861 0.000 0.000 55.861 85.699 55.861 0.000 0.000 55.861 85.699 55.861 0.000 0.000 55.861
60.778 72.333 72.333 60.778 72.333 72.333 60.778 72.333 72.333 60.778 72.333 72.333 60.778 72.333 72.333 60.778 72.333 72.333 60.778 72.333 72.333 60.778 72.333 72.333 60.778 72.333 72.333 60.778 72.333 72.333 85.699 55.861 0.000 0.000 55.861 85.699 55.861 0.000 0.000 55.861 85.699 55.861 0.000 0.000 55.861 85.699 55.861 0.000 0.000 55.861 85.699 55.861 0.000 0.000 55.861 85.699 55.861 0.000 0.000 55.861 85.699 55.861 0.000 0.000 55.861 85.699 55.861 0.000 0.000 55.861 85.699 55.861 0.000 0.000 55.861 85.699 55.861 0.000 0.000 55.861
82.550 45.952 45.952 82.550 45.952 45.952 82.550 45.952 45.952 82.550 45.952 45.952 82.550 45.952 45.952 82.550 45.952 45.952 82.550 45.952 45.952 82.550 45.952 45.952 82.550 45.952 45.952 82.550 45.952 45.952 102.298 79.000 55.861 55.861 0.000 102.298 79.000 55.861 55.861 0.000 102.298 79.000 55.861 55.861 0.000 102.298 79.000 55.861 55.861 0.000 102.298 79.000 55.861 55.861 0.000 102.298 79.000 55.861 55.861 0.000 102.298 79.000 55.861 55.861 0.000 102.298 79.000 55.861 55.861 0.000 102.298 79.000 55.861 55.861 0.000 102.298 79.000 55.861 55.861 0.000
86.291 104.757 104.757 86.291 104.757 104.757 86.291 104.757 104.757 86.291 104.757 104.757 86.291 104.757 104.757 86.291 104.757 104.757 86.291 104.757 104.757 86.291 104.757 104.757 86.291 104.757 104.757 86.291 104.757 104.757 0.000 64.991 85.699 85.699 102.298 0.000 64.991 85.699 85.699 102.298 0.000 64.991 85.699 85.699 102.298 0.000 64.991 85.699 85.699 102.298 0.000 64.991 85.699 85.699 102.298 0.000 64.991 85.699 85.699 102.298 0.000 64.991 85.699 85.699 102.298 0.000 64.991 85.699 85.699 102.298 0.000 64.991 85.699 85.699 102.298 0.000 64.991 85.699 85.699 102.298
82.550 91.393 91.393 82.550 91.393 91.393 82.550 91.393 91.393 82.550 91.393 91.393 82.550 91.393 91.393 82.550 91.393 91.393 82.550 91.393 91.393 82.550 91.393 91.393 82.550 91.393 91.393 82.550 91.393 91.393 64.991 0.000 55.861 55.861 79.000 64.991 0.000 55.861 55.861 79.000 64.991 0.000 55.861 55.861 79.000 64.991 0.000 55.861 55.861 79.000 64.991 0.000 55.861 55.861 79.000 64.991 0.000 55.861 55.861 79.000 64.991 0.000 55.861 55.861 79.000 64.991 0.000 55.861 55.861 79.000 64.991 0.000 55.861 55.861 79.000 64.991 0.000 55.861 55.861 79.000
60.778 72.333 72.333 60.778 72.333 72.333 60.778 72.333 72.333 60.778 72.333 72.333 60.778 72.333 72.333 60.778 72.333 72.333 60.778 72.333 72.333 60.778 72.333 72.333 60.778 72.333 72.333 60.778 72.333 72.333 85.699 55.861 0.000 0.000 55.861 85.699 55.861 0.000 0.000 55.861 85.699 55.861 0.000 0.000 55.861 85.699 55.861 0.000 0.000 55.861 85.699 55.861 0.000 0.000 55.861 85.699 55.861 0.000 0.000 55.861 85.699 55.861 0.000 0.000 55.861 85.699 55.861 0.000 0.000 55.861 85.699 55.861 0.000 0.000 55.861 85.699 55.861 0.000 0.000 55.861
60.778 72.333 72.333 60.778 72.333 72.333 60.778 72.333 72.333 60.778 72.333 72.333 60.778 72.333 72.333 60.778 72.333 72.333 60.778 72.333 72.333 60.778 72.333 72.333 60.778 72.333 72.333 60.778 72.333 72.333 85.699 55.861 0.000 0.000 55.861 85.699 55.861 0.000 0.000 55.861 85.699 55.861 0.000 0.000 55.861 85.699 55.861 0.000 0.000 55.861 85.699 55.861 0.000 0.000 55.861 85.699 55.861 0.000 0.000 55.861 85.699 55.861 0.000 0.000 55.861 85.699 55.861 0.000 0.000 55.861 85.699 55.861 0.000 0.000 55.861 85.699 55.861 0.000 0.000 55.861
82.550 45.952 45.952 82.550 45.952 45.952 82.550 45.952 45.952 82.550 45.952 45.952 82.550 45.952 45.952 82.550 45.952 45.952 82.550 45.952 45.952 82.550 45.952 45.952 82.550 45.952 45.952 82.550 45.952 45.952 102.298 79.000 55.861 55.861 0.000 102.298 79.000 55.861 55.861 0.000 102.298 79.000 55.861 55.861 0.000 102.298 79.000 55.861 55.861 0.000 102.298 79.000 55.861 55.861 0.000 102.298 79.000 55.861 55.861 0.000 102.298 79.000 55.861 55.861 0.000 102.298 79.000 55.861 55.861 0.000 102.298 79.000 55.861 55.861 0.000 102.298 79.000 55.861 55.861 0.000
