1.000 0.000 0.000 0.000 0.000 0.000 -0.522 -0.174 -0.174 -0.174 -0.174 -0.174 -0.522 -0.174 -0.174 -0.174 -0.174 -0.174
0.000 1.000 1.000 1.000 1.000 1.000 -0.200 -0.067 -0.067 -0.067 -0.067 -0.067 -0.200 -0.067 -0.067 -0.067 -0.067 -0.067
0.000 1.000 1.000 1.000 1.000 1.000 -0.200 -0.067 -0.067 -0.067 -0.067 -0.067 -0.200 -0.067 -0.067 -0.067 -0.067 -0.067
0.000 1.000 1.000 1.000 1.000 1.000 -0.200 -0.067 -0.067 -0.067 -0.067 -0.067 -0.200 -0.067 -0.067 -0.067 -0.067 -0.067
0.000 1.000 1.000 1.000 1.000 1.000 -0.200 -0.067 -0.067 -0.067 -0.067 -0.067 -0.200 -0.067 -0.067 -0.067 -0.067 -0.067
0.000 1.000 1.000 1.000 1.000 1.000 -0.200 -0.067 -0.067 -0.067 -0.067 -0.067 -0.200 -0.067 -0.067 -0.067 -0.067 -0.067
-0.522 -0.200 -0.200 -0.200 -0.200 -0.200 1.000 0.000 0.000 0.000 0.000 0.000 -0.455 0.333 0.333 0.333 0.333 0.333
-0.174 -0.067 -0.067 -0.067 -0.067 -0.067 0.000 1.000 1.000 1.000 1.000 1.000 0.333 -0.067 -0.067 -0.067 -0.067 -0.067
-0.174 -0.067 -0.067 -0.067 -0.067 -0.067 0.000 1.000 1.000 1.000 1.000 1.000 0.333 -0.067 -0.067 -0.067 -0.067 -0.067
-0.174 -0.067 -0.067 -0.067 -0.067 -0.067 0.000 1.000 1.000 1.000 1.000 1.000 0.333 -0.067 -0.067 -0.067 -0.067 -0.067
-0.174 -0.067 -0.067 -0.067 -0.067 -0.067 0.000 1.000 1.000 1.000 1.000 1.000 0.333 -0.067 -0.067 -0.067 -0.067 -0.067
-0.174 -0.067 -0.067 -0.067 -0.067 -0.067 0.000 1.000 1.000 1.000 1.000 1.000 0.333 -0.067 -0.067 -0.067 -0.067 -0.067
-0.522 -0.200 -0.200 -0.200 -0.200 -0.200 -0.455 0.333 0.333 0.333 0.333 0.333 1.000 0.000 0.000 0.000 0.000 0.000
-0.174 -0.067 -0.067 -0.067 -0.067 -0.067 0.333 -0.067 -0.067 -0.067 -0.067 -0.067 0.000 1.000 1.000 1.000 1.000 1.000
-0.174 -0.067 -0.067 -0.067 -0.067 -0.067 0.333 -0.067 -0.067 -0.067 -0.067 -0.067 0.000 1.000 1.000 1.000 1.000 1.000
-0.174 -0.067 -0.067 -0.067 -0.067 -0.067 0.333 -0.067 -0.067 -0.067 -0.067 -0.067 0.000 1.000 1.000 1.000 1.000 1.000
-0.174 -0.067 -0.067 -0.067 -0.067 -0.067 0.333 -0.067 -0.067 -0.067 -0.067 -0.067 0.000 1.000 1.000 1.000 1.000 1.000
-0.174 -0.067 -0.067 -0.067 -0.067 -0.067 0.333 -0.067 -0.067 -0.067 -0.067 -0.067 0.000 1.000 1.000 1.000 1.000 1.000
