0.000 24.042 24.042 24.042 24.042 24.042 32.961 30.252 30.252 30.252 30.252 30.252 32.961 30.252 30.252 30.252 30.252 30.252
24.042 0.000 0.000 0.000 0.000 0.000 40.797 18.362 18.362 18.362 18.362 18.362 40.797 18.362 18.362 18.362 18.362 18.362
24.042 0.000 0.000 0.000 0.000 0.000 40.797 18.362 18.362 18.362 18.362 18.362 40.797 18.362 18.362 18.362 18.362 18.362
24.042 0.000 0.000 0.000 0.000 0.000 40.797 18.362 18.362 18.362 18.362 18.362 40.797 18.362 18.362 18.362 18.362 18.362
24.042 0.000 0.000 0.000 0.000 0.000 40.797 18.362 18.362 18.362 18.362 18.362 40.797 18.362 18.362 18.362 18.362 18.362
24.042 0.000 0.000 0.000 0.000 0.000 40.797 18.362 18.362 18.362 18.362 18.362 40.797 18.362 18.362 18.362 18.362 18.362
32.961 40.797 40.797 40.797 40.797 40.797 0.000 28.333 28.333 28.333 28.333 28.333 0.000 28.333 28.333 28.333 28.333 28.333
30.252 18.362 18.362 18.362 18.362 18.362 28.333 0.000 0.000 0.000 0.000 0.000 28.333 0.000 0.000 0.000 0.000 0.000
30.252 18.362 18.362 18.362 18.362 18.362 28.333 0.000 0.000 0.000 0.000 0.000 28.333 0.000 0.000 0.000 0.000 0.000
30.252 18.362 18.362 18.362 18.362 18.362 28.333 0.000 0.000 0.000 0.000 0.000 28.333 0.000 0.000 0.000 0.000 0.000
30.252 18.362 18.362 18.362 18.362 18.362 28.333 0.000 0.000 0.000 0.000 0.000 28.333 0.000 0.000 0.000 0.000 0.000
30.252 18.362 18.362 18.362 18.362 18.362 28.333 0.000 0.000 0.000 0.000 0.000 28.333 0.000 0.000 0.000 0.000 0.000
32.961 40.797 40.797 40.797 40.797 40.797 0.000 28.333 28.333 28.333 28.333 28.333 0.000 28.333 28.333 28.333 28.333 28.333
30.252 18.362 18.362 18.362 18.362 18.362 28.333 0.000 0.000 0.000 0.000 0.000 28.333 0.000 0.000 0.000 0.000 0.000
30.252 18.362 18.362 18.362 18.362 18.362 28.333 0.000 0.000 0.000 0.000 0.000 28.333 0.000 0.000 0.000 0.000 0.000
30.252 18.362 18.362 18.362 18.362 18.362 28.333 0.000 0.000 0.000 0.000 0.000 28.333 0.000 0.000 0.000 0.000 0.000
30.252 18.362 18.362 18.362 18.362 18.362 28.333 0.000 0.000 0.000 0.000 0.000 28.333 0.000 0.000 0.000 0.000 0.000
30.252 18.362 18.362 18.362 18.362 18.362 28.333 0.000 0.000 0.000 0.000 0.000 28.333 0.000 0.000 0.000 0.000 0.000
