1.000 1.000 1.000 1.000 0.837 -0.033 -0.286 -0.286 -0.286 -0.286 -0.286 -0.286 -0.286 -0.286 -0.331 -0.331 -0.286 -0.286 -0.286 -0.286
1.000 1.000 1.000 1.000 0.837 -0.033 -0.286 -0.286 -0.286 -0.286 -0.286 -0.286 -0.286 -0.286 -0.331 -0.331 -0.286 -0.286 -0.286 -0.286
1.000 1.000 1.000 1.000 0.837 -0.033 -0.286 -0.286 -0.286 -0.286 -0.286 -0.286 -0.286 -0.286 -0.331 -0.331 -0.286 -0.286 -0.286 -0.286
1.000 1.000 1.000 1.000 0.837 -0.033 -0.286 -0.286 -0.286 -0.286 -0.286 -0.286 -0.286 -0.286 -0.331 -0.331 -0.286 -0.286 -0.286 -0.286
0.837 0.837 0.837 0.837 1.000 -0.286 -0.033 -0.033 -0.033 -0.033 -0.331 -0.331 -0.331 -0.331 -0.385 -0.385 -0.331 -0.331 -0.331 -0.331
-0.033 -0.033 -0.033 -0.033 -0.286 1.000 0.837 0.837 0.837 0.837 -0.331 -0.331 -0.331 -0.331 -0.385 -0.385 -0.331 -0.331 -0.331 -0.331
-0.286 -0.286 -0.286 -0.286 -0.033 0.837 1.000 1.000 1.000 1.000 -0.286 -0.286 -0.286 -0.286 -0.331 -0.331 -0.286 -0.286 -0.286 -0.286
-0.286 -0.286 -0.286 -0.286 -0.033 0.837 1.000 1.000 1.000 1.000 -0.286 -0.286 -0.286 -0.286 -0.331 -0.331 -0.286 -0.286 -0.286 -0.286
-0.286 -0.286 -0.286 -0.286 -0.033 0.837 1.000 1.000 1.000 1.000 -0.286 -0.286 -0.286 -0.286 -0.331 -0.331 -0.286 -0.286 -0.286 -0.286
-0.286 -0.286 -0.286 -0.286 -0.033 0.837 1.000 1.000 1.000 1.000 -0.286 -0.286 -0.286 -0.286 -0.331 -0.331 -0.286 -0.286 -0.286 -0.286
-0.286 -0.286 -0.286 -0.286 -0.331 -0.331 -0.286 -0.286 -0.286 -0.286 1.000 1.000 1.000 1.000 0.837 -0.033 -0.286 -0.286 -0.286 -0.286
-0.286 -0.286 -0.286 -0.286 -0.331 -0.331 -0.286 -0.286 -0.286 -0.286 1.000 1.000 1.000 1.000 0.837 -0.033 -0.286 -0.286 -0.286 -0.286
-0.286 -0.286 -0.286 -0.286 -0.331 -0.331 -0.286 -0.286 -0.286 -0.286 1.000 1.000 1.000 1.000 0.837 -0.033 -0.286 -0.286 -0.286 -0.286
-0.286 -0.286 -0.286 -0.286 -0.331 -0.331 -0.286 -0.286 -0.286 -0.286 1.000 1.000 1.000 1.000 0.837 -0.033 -0.286 -0.286 -0.286 -0.286
-0.331 -0.331 -0.331 -0.331 -0.385 -0.385 -0.331 -0.331 -0.331 -0.331 0.837 0.837 0.837 0.837 1.000 -0.286 -0.033 -0.033 -0.033 -0.033
-0.331 -0.331 -0.331 -0.331 -0.385 -0.385 -0.331 -0.331 -0.331 -0.331 -0.033 -0.033 -0.033 -0.033 -0.286 1.000 0.837 0.837 0.837 0.837
-0.286 -0.286 -0.286 -0.286 -0.331 -0.331 -0.286 -0.286 -0.286 -0.286 -0.286 -0.286 -0.286 -0.286 -0.033 0.837 1.000 1.000 1.000 1.000
-0.286 -0.286 -0.286 -0.286 -0.331 -0.331 -0.286 -0.286 -0.286 -0.286 -0.286 -0.286 -0.286 -0.286 -0.033 0.837 1.000 1.000 1.000 1.000
-0.286 -0.286 -0.286 -0.286 -0.331 -0.331 -0.286 -0.286 -0.286 -0.286 -0.286 -0.286 -0.286 -0.286 -0.033 0.837 1.000 1.000 1.000 1.000
-0.286 -0.286 -0.286 -0.286 -0.331 -0.331 -0.286 -0.286 -0.286 -0.286 -0.286 -0.286 -0.286 -0.286 -0.033 0.837 1.000 1.000 1.000 1.000
