0.000 0.000 0.000 0.000 16.147 16.147 0.000 0.000 0.000 0.000 0.000 0.000 0.000 0.000 16.147 16.147 0.000 0.000 0.000 0.000
0.000 0.000 0.000 0.000 16.147 16.147 0.000 0.000 0.000 0.000 0.000 0.000 0.000 0.000 16.147 16.147 0.000 0.000 0.000 0.000
0.000 0.000 0.000 0.000 16.147 16.147 0.000 0.000 0.000 0.000 0.000 0.000 0.000 0.000 16.147 16.147 0.000 0.000 0.000 0.000
0.000 0.000 0.000 0.000 16.147 16.147 0.000 0.000 0.000 0.000 0.000 0.000 0.000 0.000 16.147 16.147 0.000 0.000 0.000 0.000
16.147 16.147 16.147 16.147 0.000 0.000 16.147 16.147 16.147 16.147 16.147 16.147 16.147 16.147 0.000 0.000 16.147 16.147 16.147 16.147
16.147 16.147 16.147 16.147 0.000 0.000 16.147 16.147 16.147 16.147 16.147 16.147 16.147 16.147 0.000 0.000 16.147 16.147 16.147 16.147
0.000 0.000 0.000 0.000 16.147 16.147 0.000 0.000 0.000 0.000 0.000 0.000 0.000 0.000 16.147 16.147 0.000 0.000 0.000 0.000
0.000 0.000 0.000 0.000 16.147 16.147 0.000 0.000 0.000 0.000 0.000 0.000 0.000 0.000 16.147 16.147 0.000 0.000 0.000 0.000
0.000 0.000 0.000 0.000 16.147 16.147 0.000 0.000 0.000 0.000 0.000 0.000 0.000 0.000 16.147 16.147 0.000 0.000 0.000 0.000
0.000 0.000 0.000 0.000 16.147 16.147 0.000 0.000 0.000 0.000 0.000 0.000 0.000 0.000 16.147 16.147 0.000 0.000 0.000 0.000
0.000 0.000 0.000 0.000 16.147 16.147 0.000 0.000 0.000 0.000 0.000 0.000 0.000 0.000 16.147 16.147 0.000 0.000 0.000 0.000
0.000 0.000 0.000 0.000 16.147 16.147 0.000 0.000 0.000 0.000 0.000 0.000 0.000 0.000 16.147 16.147 0.000 0.000 0.000 0.000
0.000 0.000 0.000 0.000 16.147 16.147 0.000 0.000 0.000 0.000 0.000 0.000 0.000 0.000 16.147 16.147 0.000 0.000 0.000 0.000
0.000 0.000 0.000 0.000 16.147 16.147 0.000 0.000 0.000 0.000 0.000 0.000 0.000 0.000 16.147 16.147 0.000 0.000 0.000 0.000
16.147 16.147 16.147 16.147 0.000 0.000 16.147 16.147 16.147 16.147 16.147 16.147 16.147 16.147 0.000 0.000 16.147 16.147 16.147 16.147
16.147 16.147 16.147 16.147 0.000 0.000 16.147 16.147 16.147 16.147 16.147 16.147 16.147 16.147 0.000 0.000 16.147 16.147 16.147 16.147
0.000 0.000 0.000 0.000 16.147 16.147 0.000 0.000 0.000 0.000 0.000 0.000 0.000 0.000 16.147 16.147 0.000 0.000 0.000 0.000
0.000 0.000 0.000 0.000 16.147 16.147 0.000 0.000 0.000 0.000 0.000 0.000 0.000 0.000 16.147 16.147 0.000 0.000 0.000 0.000
0.000 0.000 0.000 0.000 16.147 16.147 0.000 0.000 0.000 0.000 0.000 0.000 0.000 0.000 16.147 16.147 0.000 0.000 0.000 0.000
0.000 0.000 0.000 0.000 16.147 16.147 0.000 0.000 0.000 0.000 0.000 0.000 0.000 0.000 16.147 16.147 0.000 0.000 0.000 0.000
