1.000 1.000 0.333 0.333 0.467 -0.600 -0.600 -0.600 -0.600 -0.600
1.000 1.000 0.333 0.333 0.467 -0.600 -0.600 -0.600 -0.600 -0.600
0.333 0.333 1.000 1.000 -0.333 -0.067 -0.600 -0.600 -0.600 -0.600
0.333 0.333 1.000 1.000 -0.333 -0.067 -0.600 -0.600 -0.600 -0.600
0.467 0.467 -0.333 -0.333 1.000 -0.333 -0.067 -0.067 -0.600 -0.600
-0.600 -0.600 -0.067 -0.067 -0.333 1.000 -0.333 -0.333 0.467 0.467
-0.600 -0.600 -0.600 -0.600 -0.067 -0.333 1.000 1.000 0.333 0.333
-0.600 -0.600 -0.600 -0.600 -0.067 -0.333 1.000 1.000 0.333 0.333
-0.600 -0.600 -0.600 -0.600 -0.600 0.467 0.333 0.333 1.000 1.000
-0.600 -0.600 -0.600 -0.600 -0.600 0.467 0.333 0.333 1.000 1.000
