0.000 0.000 2.750 2.750 5.524 5.524 2.750 2.750 0.000 0.000
0.000 0.000 2.750 2.750 5.524 5.524 2.750 2.750 0.000 0.000
2.750 2.750 0.000 0.000 3.354 3.354 0.000 0.000 2.750 2.750
2.750 2.750 0.000 0.000 3.354 3.354 0.000 0.000 2.750 2.750
5.524 5.524 3.354 3.354 0.000 0.000 3.354 3.354 5.524 5.524
5.524 5.524 3.354 3.354 0.000 0.000 3.354 3.354 5.524 5.524
2.750 2.750 0.000 0.000 3.354 3.354 0.000 0.000 2.750 2.750
2.750 2.750 0.000 0.000 3.354 3.354 0.000 0.000 2.750 2.750
0.000 0.000 2.750 2.750 5.524 5.524 2.750 2.750 0.000 0.000
0.000 0.000 2.750 2.750 5.524 5.524 2.750 2.750 0.000 0.000
