1.000 1.000 1.000 1.000 0.822 0.178 -0.284 -0.284 -0.284 -0.284 -0.527 -0.444 -0.444 -0.444 -0.444
1.000 1.000 1.000 1.000 0.822 0.178 -0.284 -0.284 -0.284 -0.284 -0.527 -0.444 -0.444 -0.444 -0.444
1.000 1.000 1.000 1.000 0.822 0.178 -0.284 -0.284 -0.284 -0.284 -0.527 -0.444 -0.444 -0.444 -0.444
1.000 1.000 1.000 1.000 0.822 0.178 -0.284 -0.284 -0.284 -0.284 -0.527 -0.444 -0.444 -0.444 -0.444
0.822 0.822 0.822 0.822 1.000 -0.192 0.101 -0.337 -0.337 -0.337 -0.625 -0.527 -0.527 -0.527 -0.527
0.178 0.178 0.178 0.178 -0.192 1.000 -0.083 0.409 -0.182 -0.182 -0.337 -0.284 -0.284 -0.284 -0.284
-0.284 -0.284 -0.284 -0.284 0.101 -0.083 1.000 -0.083 0.409 -0.182 -0.337 -0.284 -0.284 -0.284 -0.284
-0.284 -0.284 -0.284 -0.284 -0.337 0.409 -0.083 1.000 -0.083 0.409 -0.337 -0.284 -0.284 -0.284 -0.284
-0.284 -0.284 -0.284 -0.284 -0.337 -0.182 0.409 -0.083 1.000 -0.083 0.101 -0.284 -0.284 -0.284 -0.284
-0.284 -0.284 -0.284 -0.284 -0.337 -0.182 -0.182 0.409 -0.083 1.000 -0.192 0.178 0.178 0.178 0.178
-0.527 -0.527 -0.527 -0.527 -0.625 -0.337 -0.337 -0.337 0.101 -0.192 1.000 0.822 0.822 0.822 0.822
-0.444 -0.444 -0.444 -0.444 -0.527 -0.284 -0.284 -0.284 -0.284 0.178 0.822 1.000 1.000 1.000 1.000
-0.444 -0.444 -0.444 -0.444 -0.527 -0.284 -0.284 -0.284 -0.284 0.178 0.822 1.000 1.000 1.000 1.000
-0.444 -0.444 -0.444 -0.444 -0.527 -0.284 -0.284 -0.284 -0.284 0.178 0.822 1.000 1.000 1.000 1.000
-0.444 -0.444 -0.444 -0.444 -0.527 -0.284 -0.284 -0.284 -0.284 0.178 0.822 1.000 1.000 1.000 1.000
