0.000 0.000 0.000 0.000 10.665 15.655 15.517 15.479 15.517 15.655 10.665 0.000 0.000 0.000 0.000
0.000 0.000 0.000 0.000 10.665 15.655 15.517 15.479 15.517 15.655 10.665 0.000 0.000 0.000 0.000
0.000 0.000 0.000 0.000 10.665 15.655 15.517 15.479 15.517 15.655 10.665 0.000 0.000 0.000 0.000
0.000 0.000 0.000 0.000 10.665 15.655 15.517 15.479 15.517 15.655 10.665 0.000 0.000 0.000 0.000
10.665 10.665 10.665 10.665 0.000 17.604 19.966 20.138 19.966 17.604 0.000 10.665 10.665 10.665 10.665
15.655 15.655 15.655 15.655 17.604 0.000 6.173 7.802 6.173 0.000 17.604 15.655 15.655 15.655 15.655
15.517 15.517 15.517 15.517 19.966 6.173 0.000 3.477 0.000 6.173 19.966 15.517 15.517 15.517 15.517
15.479 15.479 15.479 15.479 20.138 7.802 3.477 0.000 3.477 7.802 20.138 15.479 15.479 15.479 15.479
15.517 15.517 15.517 15.517 19.966 6.173 0.000 3.477 0.000 6.173 19.966 15.517 15.517 15.517 15.517
15.655 15.655 15.655 15.655 17.604 0.000 6.173 7.802 6.173 0.000 17.604 15.655 15.655 15.655 15.655
10.665 10.665 10.665 10.665 0.000 17.604 19.966 20.138 19.966 17.604 0.000 10.665 10.665 10.665 10.665
0.000 0.000 0.000 0.000 10.665 15.655 15.517 15.479 15.517 15.655 10.665 0.000 0.000 0.000 0.000
0.000 0.000 0.000 0.000 10.665 15.655 15.517 15.479 15.517 15.655 10.665 0.000 0.000 0.000 0.000
0.000 0.000 0.000 0.000 10.665 15.655 15.517 15.479 15.517 15.655 10.665 0.000 0.000 0.000 0.000
0.000 0.000 0.000 0.000 10.665 15.655 15.517 15.479 15.517 15.655 10.665 0.000 0.000 0.000 0.000
