20 1 1 1 5 1 1 1 5 1 1 1 5 1 1 1 5 1 1 1 5 1 1 1 5 1 1 1 5 1 1 1 20 1 1 1 1 1 1 1 1 1 1 1 1 1 1 1 1 1 1 1 1 1 1 1 1 1 1 1 1 1 1 1 1 1 1 1 1 1 1 1 1 1 1 1 1 1 1 1 1 1 1 1 1 1 1 1 1 1 1 1 1 1 1 1 1 1 1 1 1 1 1 1 1 1 1 1 1 1
1 20 2 6 1 6 2 6 1 6 2 6 1 6 2 6 1 6 2 6 1 6 2 6 1 6 2 6 1 6 2 20 1 4 2 2 2 2 2 4 1 1 1 1 1 1 1 1 1 1 1 1 1 1 1 1 1 1 1 1 1 1 1 1 1 1 1 1 1 1 1 1 1 1 1 1 1 1 1 1 1 1 1 1 1 1 1 1 1 1 1 1 1 1 1 1 1 1 1 1 1 1 1 1 1 1 1 1 1 1
1 2 20 2 1 2 7 2 1 2 7 2 1 2 7 2 1 2 7 2 1 2 7 2 1 2 7 2 1 2 20 2 1 2 3 3 3 3 3 2 1 1 1 1 1 1 1 1 1 1 1 1 1 1 1 1 1 1 1 1 1 1 1 1 1 1 1 1 1 1 1 1 1 1 1 1 1 1 1 1 1 1 1 1 1 1 1 1 1 1 1 1 1 1 1 1 1 1 1 1 1 1 1 1 1 1 1 1 1 1
1 6 2 20 1 8 2 8 1 8 2 8 1 8 2 8 1 8 2 8 1 8 2 8 1 8 2 8 1 20 2 6 1 4 2 2 2 2 2 4 1 1 1 1 1 1 1 1 1 1 1 1 1 1 1 1 1 1 1 1 1 1 1 1 1 1 1 1 1 1 1 1 1 1 1 1 1 1 1 1 1 1 1 1 1 1 1 1 1 1 1 1 1 1 1 1 1 1 1 1 1 1 1 1 1 1 1 1 1 1
5 1 1 1 20 1 1 1 9 1 1 1 9 1 1 1 9 1 1 1 9 1 1 1 9 1 1 1 20 1 1 1 5 1 1 1 1 1 1 1 1 1 1 1 1 1 1 1 1 1 1 1 1 1 1 1 1 1 1 1 1 1 1 1 1 1 1 1 1 1 1 1 1 1 1 1 1 1 1 1 1 1 1 1 1 1 1 1 1 1 1 1 1 1 1 1 1 1 1 1 1 1 1 1 1 1 1 1 1 1
1 6 2 8 1 20 2 10 1 10 2 10 1 10 2 10 1 10 2 10 1 10 2 10 1 10 2 20 1 8 2 6 1 4 2 2 2 2 2 4 1 1 1 1 1 1 1 1 1 1 1 1 1 1 1 1 1 1 1 1 1 1 1 1 1 1 1 1 1 1 1 1 1 1 1 1 1 1 1 1 1 1 1 1 1 1 1 1 1 1 1 1 1 1 1 1 1 1 1 1 1 1 1 1 1 1 1 1 1 1
1 2 7 2 1 2 20 2 1 2 11 2 1 2 11 2 1 2 11 2 1 2 11 2 1 2 20 2 1 2 7 2 1 2 3 3 3 3 3 2 1 1 1 1 1 1 1 1 1 1 1 1 1 1 1 1 1 1 1 1 1 1 1 1 1 1 1 1 1 1 1 1 1 1 1 1 1 1 1 1 1 1 1 1 1 1 1 1 1 1 1 1 1 1 1 1 1 1 1 1 1 1 1 1 1 1 1 1 1 1
1 6 2 8 1 10 2 20 1 12 2 12 1 12 2 12 1 12 2 12 1 12 2 12 1 20 2 10 1 8 2 6 1 4 2 2 2 2 2 4 1 1 1 1 1 1 1 1 1 1 1 1 1 1 1 1 1 1 1 1 1 1 1 1 1 1 1 1 1 1 1 1 1 1 1 1 1 1 1 1 1 1 1 1 1 1 1 1 1 1 1 1 1 1 1 1 1 1 1 1 1 1 1 1 1 1 1 1 1 1
5 1 1 1 9 1 1 1 20 1 1 1 13 1 1 1 13 1 1 1 13 1 1 1 20 1 1 1 9 1 1 1 5 1 1 1 1 1 1 1 1 1 1 1 1 1 1 1 1 1 1 1 1 1 1 1 1 1 1 1 1 1 1 1 1 1 1 1 1 1 1 1 1 1 1 1 1 1 1 1 1 1 1 1 1 1 1 1 1 1 1 1 1 1 1 1 1 1 1 1 1 1 1 1 1 1 1 1 1 1
1 6 2 8 1 10 2 12 1 20 2 14 1 14 2 14 1 14 2 14 1 14 2 20 1 12 2 10 1 8 2 6 1 4 2 2 2 2 2 4 1 1 1 1 1 1 1 1 1 1 1 1 1 1 1 1 1 1 1 1 1 1 1 1 1 1 1 1 1 1 1 1 1 1 1 1 1 1 1 1 1 1 1 1 1 1 1 1 1 1 1 1 1 1 1 1 1 1 1 1 1 1 1 1 1 1 1 1 1 1
1 2 7 2 1 2 11 2 1 2 20 2 1 2 15 2 1 2 15 2 1 2 20 2 1 2 11 2 1 2 7 2 1 2 3 3 3 3 3 2 1 1 1 1 1 1 1 1 1 1 1 1 1 1 1 1 1 1 1 1 1 1 1 1 1 1 1 1 1 1 1 1 1 1 1 1 1 1 1 1 1 1 1 1 1 1 1 1 1 1 1 1 1 1 1 1 1 1 1 1 1 1 1 1 1 1 1 1 1 1
1 6 2 8 1 10 2 12 1 14 2 20 1 16 2 16 1 16 2 16 1 20 2 14 1 12 2 10 1 8 2 6 1 4 2 2 2 2 2 4 1 1 1 1 1 1 1 1 1 1 1 1 1 1 1 1 1 1 1 1 1 1 1 1 1 1 1 1 1 1 1 1 1 1 1 1 1 1 1 1 1 1 1 1 1 1 1 1 1 1 1 1 1 1 1 1 1 1 1 1 1 1 1 1 1 1 1 1 1 1
5 1 1 1 9 1 1 1 13 1 1 1 20 1 1 1 17 1 1 1 20 1 1 1 13 1 1 1 9 1 1 1 5 1 1 1 1 1 1 1 1 1 1 1 1 1 1 1 1 1 1 1 1 1 1 1 1 1 1 1 1 1 1 1 1 1 1 1 1 1 1 1 1 1 1 1 1 1 1 1 1 1 1 1 1 1 1 1 1 1 1 1 1 1 1 1 1 1 1 1 1 1 1 1 1 1 1 1 1 1
1 6 2 8 1 10 2 12 1 14 2 16 1 20 2 18 1 18 2 20 1 16 2 14 1 12 2 10 1 8 2 6 1 4 2 2 2 2 2 4 1 1 1 1 1 1 1 1 1 1 1 1 1 1 1 1 1 1 1 1 1 1 1 1 1 1 1 1 1 1 1 1 1 1 1 1 1 1 1 1 1 1 1 1 1 1 1 1 1 1 1 1 1 1 1 1 1 1 1 1 1 1 1 1 1 1 1 1 1 1
1 2 7 2 1 2 11 2 1 2 15 2 1 2 20 2 1 2 20 2 1 2 15 2 1 2 11 2 1 2 7 2 1 2 3 3 3 3 3 2 1 1 1 1 1 1 1 1 1 1 1 1 1 1 1 1 1 1 1 1 1 1 1 1 1 1 1 1 1 1 1 1 1 1 1 1 1 1 1 1 1 1 1 1 1 1 1 1 1 1 1 1 1 1 1 1 1 1 1 1 1 1 1 1 1 1 1 1 1 1
1 6 2 8 1 10 2 12 1 14 2 16 1 18 2 20 1 20 2 18 1 16 2 14 1 12 2 10 1 8 2 6 1 4 2 2 2 2 2 4 1 1 1 1 1 1 1 1 1 1 1 1 1 1 1 1 1 1 1 1 1 1 1 1 1 1 1 1 1 1 1 1 1 1 1 1 1 1 1 1 1 1 1 1 1 1 1 1 1 1 1 1 1 1 1 1 1 1 1 1 1 1 1 1 1 1 1 1 1 1
5 1 1 1 9 1 1 1 13 1 1 1 17 1 1 1 20 1 1 1 17 1 1 1 13 1 1 1 9 1 1 1 5 1 1 1 1 1 1 1 1 1 1 1 1 1 1 1 1 1 1 1 1 1 1 1 1 1 1 1 1 1 1 1 1 1 1 1 1 1 1 1 1 1 1 1 1 1 1 1 1 1 1 1 1 1 1 1 1 1 1 1 1 1 1 1 1 1 1 1 1 1 1 1 1 1 1 1 1 1
1 6 2 8 1 10 2 12 1 14 2 16 1 18 2 20 1 20 2 18 1 16 2 14 1 12 2 10 1 8 2 6 1 4 2 2 2 2 2 4 1 1 1 1 1 1 1 1 1 1 1 1 1 1 1 1 1 1 1 1 1 1 1 1 1 1 1 1 1 1 1 1 1 1 1 1 1 1 1 1 1 1 1 1 1 1 1 1 1 1 1 1 1 1 1 1 1 1 1 1 1 1 1 1 1 1 1 1 1 1
1 2 7 2 1 2 11 2 1 2 15 2 1 2 20 2 1 2 20 2 1 2 15 2 1 2 11 2 1 2 7 2 1 2 3 3 3 3 3 2 1 1 1 1 1 1 1 1 1 1 1 1 1 1 1 1 1 1 1 1 1 1 1 1 1 1 1 1 1 1 1 1 1 1 1 1 1 1 1 1 1 1 1 1 1 1 1 1 1 1 1 1 1 1 1 1 1 1 1 1 1 1 1 1 1 1 1 1 1 1
1 6 2 8 1 10 2 12 1 14 2 16 1 20 2 18 1 18 2 20 1 16 2 14 1 12 2 10 1 8 2 6 1 4 2 2 2 2 2 4 1 1 1 1 1 1 1 1 1 1 1 1 1 1 1 1 1 1 1 1 1 1 1 1 1 1 1 1 1 1 1 1 1 1 1 1 1 1 1 1 1 1 1 1 1 1 1 1 1 1 1 1 1 1 1 1 1 1 1 1 1 1 1 1 1 1 1 1 1 1
5 1 1 1 9 1 1 1 13 1 1 1 20 1 1 1 17 1 1 1 20 1 1 1 13 1 1 1 9 1 1 1 5 1 1 1 1 1 1 1 1 1 1 1 1 1 1 1 1 1 1 1 1 1 1 1 1 1 1 1 1 1 1 1 1 1 1 1 1 1 1 1 1 1 1 1 1 1 1 1 1 1 1 1 1 1 1 1 1 1 1 1 1 1 1 1 1 1 1 1 1 1 1 1 1 1 1 1 1 1
1 6 2 8 1 10 2 12 1 14 2 20 1 16 2 16 1 16 2 16 1 20 2 14 1 12 2 10 1 8 2 6 1 4 2 2 2 2 2 4 1 1 1 1 1 1 1 1 1 1 1 1 1 1 1 1 1 1 1 1 1 1 1 1 1 1 1 1 1 1 1 1 1 1 1 1 1 1 1 1 1 1 1 1 1 1 1 1 1 1 1 1 1 1 1 1 1 1 1 1 1 1 1 1 1 1 1 1 1 1
1 2 7 2 1 2 11 2 1 2 20 2 1 2 15 2 1 2 15 2 1 2 20 2 1 2 11 2 1 2 7 2 1 2 3 3 3 3 3 2 1 1 1 1 1 1 1 1 1 1 1 1 1 1 1 1 1 1 1 1 1 1 1 1 1 1 1 1 1 1 1 1 1 1 1 1 1 1 1 1 1 1 1 1 1 1 1 1 1 1 1 1 1 1 1 1 1 1 1 1 1 1 1 1 1 1 1 1 1 1
1 6 2 8 1 10 2 12 1 20 2 14 1 14 2 14 1 14 2 14 1 14 2 20 1 12 2 10 1 8 2 6 1 4 2 2 2 2 2 4 1 1 1 1 1 1 1 1 1 1 1 1 1 1 1 1 1 1 1 1 1 1 1 1 1 1 1 1 1 1 1 1 1 1 1 1 1 1 1 1 1 1 1 1 1 1 1 1 1 1 1 1 1 1 1 1 1 1 1 1 1 1 1 1 1 1 1 1 1 1
5 1 1 1 9 1 1 1 20 1 1 1 13 1 1 1 13 1 1 1 13 1 1 1 20 1 1 1 9 1 1 1 5 1 1 1 1 1 1 1 1 1 1 1 1 1 1 1 1 1 1 1 1 1 1 1 1 1 1 1 1 1 1 1 1 1 1 1 1 1 1 1 1 1 1 1 1 1 1 1 1 1 1 1 1 1 1 1 1 1 1 1 1 1 1 1 1 1 1 1 1 1 1 1 1 1 1 1 1 1
1 6 2 8 1 10 2 20 1 12 2 12 1 12 2 12 1 12 2 12 1 12 2 12 1 20 2 10 1 8 2 6 1 4 2 2 2 2 2 4 1 1 1 1 1 1 1 1 1 1 1 1 1 1 1 1 1 1 1 1 1 1 1 1 1 1 1 1 1 1 1 1 1 1 1 1 1 1 1 1 1 1 1 1 1 1 1 1 1 1 1 1 1 1 1 1 1 1 1 1 1 1 1 1 1 1 1 1 1 1
1 2 7 2 1 2 20 2 1 2 11 2 1 2 11 2 1 2 11 2 1 2 11 2 1 2 20 2 1 2 7 2 1 2 3 3 3 3 3 2 1 1 1 1 1 1 1 1 1 1 1 1 1 1 1 1 1 1 1 1 1 1 1 1 1 1 1 1 1 1 1 1 1 1 1 1 1 1 1 1 1 1 1 1 1 1 1 1 1 1 1 1 1 1 1 1 1 1 1 1 1 1 1 1 1 1 1 1 1 1
1 6 2 8 1 20 2 10 1 10 2 10 1 10 2 10 1 10 2 10 1 10 2 10 1 10 2 20 1 8 2 6 1 4 2 2 2 2 2 4 1 1 1 1 1 1 1 1 1 1 1 1 1 1 1 1 1 1 1 1 1 1 1 1 1 1 1 1 1 1 1 1 1 1 1 1 1 1 1 1 1 1 1 1 1 1 1 1 1 1 1 1 1 1 1 1 1 1 1 1 1 1 1 1 1 1 1 1 1 1
5 1 1 1 20 1 1 1 9 1 1 1 9 1 1 1 9 1 1 1 9 1 1 1 9 1 1 1 20 1 1 1 5 1 1 1 1 1 1 1 1 1 1 1 1 1 1 1 1 1 1 1 1 1 1 1 1 1 1 1 1 1 1 1 1 1 1 1 1 1 1 1 1 1 1 1 1 1 1 1 1 1 1 1 1 1 1 1 1 1 1 1 1 1 1 1 1 1 1 1 1 1 1 1 1 1 1 1 1 1
1 6 2 20 1 8 2 8 1 8 2 8 1 8 2 8 1 8 2 8 1 8 2 8 1 8 2 8 1 20 2 6 1 4 2 2 2 2 2 4 1 1 1 1 1 1 1 1 1 1 1 1 1 1 1 1 1 1 1 1 1 1 1 1 1 1 1 1 1 1 1 1 1 1 1 1 1 1 1 1 1 1 1 1 1 1 1 1 1 1 1 1 1 1 1 1 1 1 1 1 1 1 1 1 1 1 1 1 1 1
1 2 20 2 1 2 7 2 1 2 7 2 1 2 7 2 1 2 7 2 1 2 7 2 1 2 7 2 1 2 20 2 1 2 3 3 3 3 3 2 1 1 1 1 1 1 1 1 1 1 1 1 1 1 1 1 1 1 1 1 1 1 1 1 1 1 1 1 1 1 1 1 1 1 1 1 1 1 1 1 1 1 1 1 1 1 1 1 1 1 1 1 1 1 1 1 1 1 1 1 1 1 1 1 1 1 1 1 1 1
1 20 2 6 1 6 2 6 1 6 2 6 1 6 2 6 1 6 2 6 1 6 2 6 1 6 2 6 1 6 2 20 1 4 2 2 2 2 2 4 1 1 1 1 1 1 1 1 1 1 1 1 1 1 1 1 1 1 1 1 1 1 1 1 1 1 1 1 1 1 1 1 1 1 1 1 1 1 1 1 1 1 1 1 1 1 1 1 1 1 1 1 1 1 1 1 1 1 1 1 1 1 1 1 1 1 1 1 1 1
20 1 1 1 5 1 1 1 5 1 1 1 5 1 1 1 5 1 1 1 5 1 1 1 5 1 1 1 5 1 1 1 20 1 1 1 1 1 1 1 1 1 1 1 1 1 1 1 1 1 1 1 1 1 1 1 1 1 1 1 1 1 1 1 1 1 1 1 1 1 1 1 1 1 1 1 1 1 1 1 1 1 1 1 1 1 1 1 1 1 1 1 1 1 1 1 1 1 1 1 1 1 1 1 1 1 1 1 1 1
1 4 2 4 1 4 2 4 1 4 2 4 1 4 2 4 1 4 2 4 1 4 2 4 1 4 2 4 1 4 2 4 1 20 2 2 2 2 2 20 1 1 1 1 1 1 1 1 1 1 1 1 1 1 1 1 1 1 1 1 1 1 1 1 1 1 1 1 1 1 1 1 1 1 1 1 1 1 1 1 1 1 1 1 1 1 1 1 1 1 1 1 1 1 1 1 1 1 1 1 1 1 1 1 1 1 1 1 1 1
1 2 3 2 1 2 3 2 1 2 3 2 1 2 3 2 1 2 3 2 1 2 3 2 1 2 3 2 1 2 3 2 1 2 20 3 3 3 20 2 1 1 1 1 1 1 1 1 1 1 1 1 1 1 1 1 1 1 1 1 1 1 1 1 1 1 1 1 1 1 1 1 1 1 1 1 1 1 1 1 1 1 1 1 1 1 1 1 1 1 1 1 1 1 1 1 1 1 1 1 1 1 1 1 1 1 1 1 1 1
1 2 3 2 1 2 3 2 1 2 3 2 1 2 3 2 1 2 3 2 1 2 3 2 1 2 3 2 1 2 3 2 1 2 3 20 4 20 3 2 1 1 1 1 1 1 1 1 1 1 1 1 1 1 1 1 1 1 1 1 1 1 1 1 1 1 1 1 1 1 1 1 1 1 1 1 1 1 1 1 1 1 1 1 1 1 1 1 1 1 1 1 1 1 1 1 1 1 1 1 1 1 1 1 1 1 1 1 1 1
1 2 3 2 1 2 3 2 1 2 3 2 1 2 3 2 1 2 3 2 1 2 3 2 1 2 3 2 1 2 3 2 1 2 3 4 20 4 3 2 1 1 1 1 1 1 1 1 1 1 1 1 1 1 1 1 1 1 1 1 1 1 1 1 1 1 1 1 1 1 1 1 1 1 1 1 1 1 1 1 1 1 1 1 1 1 1 1 1 1 1 1 1 1 1 1 1 1 1 1 1 1 1 1 1 1 1 1 1 1
1 2 3 2 1 2 3 2 1 2 3 2 1 2 3 2 1 2 3 2 1 2 3 2 1 2 3 2 1 2 3 2 1 2 3 20 4 20 3 2 1 1 1 1 1 1 1 1 1 1 1 1 1 1 1 1 1 1 1 1 1 1 1 1 1 1 1 1 1 1 1 1 1 1 1 1 1 1 1 1 1 1 1 1 1 1 1 1 1 1 1 1 1 1 1 1 1 1 1 1 1 1 1 1 1 1 1 1 1 1
1 2 3 2 1 2 3 2 1 2 3 2 1 2 3 2 1 2 3 2 1 2 3 2 1 2 3 2 1 2 3 2 1 2 20 3 3 3 20 2 1 1 1 1 1 1 1 1 1 1 1 1 1 1 1 1 1 1 1 1 1 1 1 1 1 1 1 1 1 1 1 1 1 1 1 1 1 1 1 1 1 1 1 1 1 1 1 1 1 1 1 1 1 1 1 1 1 1 1 1 1 1 1 1 1 1 1 1 1 1
1 4 2 4 1 4 2 4 1 4 2 4 1 4 2 4 1 4 2 4 1 4 2 4 1 4 2 4 1 4 2 4 1 20 2 2 2 2 2 20 1 1 1 1 1 1 1 1 1 1 1 1 1 1 1 1 1 1 1 1 1 1 1 1 1 1 1 1 1 1 1 1 1 1 1 1 1 1 1 1 1 1 1 1 1 1 1 1 1 1 1 1 1 1 1 1 1 1 1 1 1 1 1 1 1 1 1 1 1 1
1 1 1 1 1 1 1 1 1 1 1 1 1 1 1 1 1 1 1 1 1 1 1 1 1 1 1 1 1 1 1 1 1 1 1 1 1 1 1 1 20 1 1 1 6 1 1 1 6 1 1 1 6 1 1 1 1 1 6 1 1 1 1 1 6 1 1 1 1 1 6 1 1 1 1 1 1 1 1 1 6 1 1 1 1 1 1 1 1 1 20 1 1 1 1 1 1 1 1 1 1 1 1 1 1 1 1 1 1 1
1 1 1 1 1 1 1 1 1 1 1 1 1 1 1 1 1 1 1 1 1 1 1 1 1 1 1 1 1 1 1 1 1 1 1 1 1 1 1 1 1 20 20 20 1 7 7 7 1 7 7 7 1 7 7 7 7 7 1 7 7 7 7 7 1 7 7 7 7 7 1 7 7 7 7 7 7 7 7 7 1 7 7 7 7 7 7 7 7 7 1 20 20 20 20 20 20 20 20 20 20 20 20 20 20 20 20 20 20 20
1 1 1 1 1 1 1 1 1 1 1 1 1 1 1 1 1 1 1 1 1 1 1 1 1 1 1 1 1 1 1 1 1 1 1 1 1 1 1 1 1 20 20 20 1 7 7 7 1 7 7 7 1 7 7 7 7 7 1 7 7 7 7 7 1 7 7 7 7 7 1 7 7 7 7 7 7 7 7 7 1 7 7 7 7 7 7 7 7 7 1 20 20 20 20 20 20 20 20 20 20 20 20 20 20 20 20 20 20 20
1 1 1 1 1 1 1 1 1 1 1 1 1 1 1 1 1 1 1 1 1 1 1 1 1 1 1 1 1 1 1 1 1 1 1 1 1 1 1 1 1 20 20 20 1 7 7 7 1 7 7 7 1 7 7 7 7 7 1 7 7 7 7 7 1 7 7 7 7 7 1 7 7 7 7 7 7 7 7 7 1 7 7 7 7 7 7 7 7 7 1 20 20 20 20 20 20 20 20 20 20 20 20 20 20 20 20 20 20 20
1 1 1 1 1 1 1 1 1 1 1 1 1 1 1 1 1 1 1 1 1 1 1 1 1 1 1 1 1 1 1 1 1 1 1 1 1 1 1 1 6 1 1 1 20 1 1 1 10 1 1 1 10 1 1 1 1 1 10 1 1 1 1 1 10 1 1 1 1 1 10 1 1 1 1 1 1 1 1 1 20 1 1 1 1 1 1 1 1 1 6 1 1 1 1 1 1 1 1 1 1 1 1 1 1 1 1 1 1 1
1 1 1 1 1 1 1 1 1 1 1 1 1 1 1 1 1 1 1 1 1 1 1 1 1 1 1 1 1 1 1 1 1 1 1 1 1 1 1 1 1 7 7 7 1 20 20 20 1 11 11 11 1 11 11 11 11 11 1 11 11 11 11 11 1 11 11 11 11 11 1 11 11 11 11 11 11 11 11 11 1 20 20 20 20 20 20 20 20 20 1 7 7 7 7 7 7 7 7 7 7 7 7 7 7 7 7 7 7 7
1 1 1 1 1 1 1 1 1 1 1 1 1 1 1 1 1 1 1 1 1 1 1 1 1 1 1 1 1 1 1 1 1 1 1 1 1 1 1 1 1 7 7 7 1 20 20 20 1 11 11 11 1 11 11 11 11 11 1 11 11 11 11 11 1 11 11 11 11 11 1 11 11 11 11 11 11 11 11 11 1 20 20 20 20 20 20 20 20 20 1 7 7 7 7 7 7 7 7 7 7 7 7 7 7 7 7 7 7 7
1 1 1 1 1 1 1 1 1 1 1 1 1 1 1 1 1 1 1 1 1 1 1 1 1 1 1 1 1 1 1 1 1 1 1 1 1 1 1 1 1 7 7 7 1 20 20 20 1 11 11 11 1 11 11 11 11 11 1 11 11 11 11 11 1 11 11 11 11 11 1 11 11 11 11 11 11 11 11 11 1 20 20 20 20 20 20 20 20 20 1 7 7 7 7 7 7 7 7 7 7 7 7 7 7 7 7 7 7 7
1 1 1 1 1 1 1 1 1 1 1 1 1 1 1 1 1 1 1 1 1 1 1 1 1 1 1 1 1 1 1 1 1 1 1 1 1 1 1 1 6 1 1 1 10 1 1 1 20 1 1 1 14 1 1 1 1 1 14 1 1 1 1 1 14 1 1 1 1 1 20 1 1 1 1 1 1 1 1 1 10 1 1 1 1 1 1 1 1 1 6 1 1 1 1 1 1 1 1 1 1 1 1 1 1 1 1 1 1 1
1 1 1 1 1 1 1 1 1 1 1 1 1 1 1 1 1 1 1 1 1 1 1 1 1 1 1 1 1 1 1 1 1 1 1 1 1 1 1 1 1 7 7 7 1 11 11 11 1 20 20 20 1 15 15 15 15 15 1 15 15 15 15 15 1 15 15 15 15 15 1 20 20 20 20 20 20 20 20 20 1 11 11 11 11 11 11 11 11 11 1 7 7 7 7 7 7 7 7 7 7 7 7 7 7 7 7 7 7 7
1 1 1 1 1 1 1 1 1 1 1 1 1 1 1 1 1 1 1 1 1 1 1 1 1 1 1 1 1 1 1 1 1 1 1 1 1 1 1 1 1 7 7 7 1 11 11 11 1 20 20 20 1 15 15 15 15 15 1 15 15 15 15 15 1 15 15 15 15 15 1 20 20 20 20 20 20 20 20 20 1 11 11 11 11 11 11 11 11 11 1 7 7 7 7 7 7 7 7 7 7 7 7 7 7 7 7 7 7 7
1 1 1 1 1 1 1 1 1 1 1 1 1 1 1 1 1 1 1 1 1 1 1 1 1 1 1 1 1 1 1 1 1 1 1 1 1 1 1 1 1 7 7 7 1 11 11 11 1 20 20 20 1 15 15 15 15 15 1 15 15 15 15 15 1 15 15 15 15 15 1 20 20 20 20 20 20 20 20 20 1 11 11 11 11 11 11 11 11 11 1 7 7 7 7 7 7 7 7 7 7 7 7 7 7 7 7 7 7 7
1 1 1 1 1 1 1 1 1 1 1 1 1 1 1 1 1 1 1 1 1 1 1 1 1 1 1 1 1 1 1 1 1 1 1 1 1 1 1 1 6 1 1 1 10 1 1 1 14 1 1 1 20 1 1 1 1 1 18 1 1 1 1 1 20 1 1 1 1 1 14 1 1 1 1 1 1 1 1 1 10 1 1 1 1 1 1 1 1 1 6 1 1 1 1 1 1 1 1 1 1 1 1 1 1 1 1 1 1 1
1 1 1 1 1 1 1 1 1 1 1 1 1 1 1 1 1 1 1 1 1 1 1 1 1 1 1 1 1 1 1 1 1 1 1 1 1 1 1 1 1 7 7 7 1 11 11 11 1 15 15 15 1 20 20 20 20 20 1 19 19 19 19 19 1 20 20 20 20 20 1 15 15 15 15 15 15 15 15 15 1 11 11 11 11 11 11 11 11 11 1 7 7 7 7 7 7 7 7 7 7 7 7 7 7 7 7 7 7 7
1 1 1 1 1 1 1 1 1 1 1 1 1 1 1 1 1 1 1 1 1 1 1 1 1 1 1 1 1 1 1 1 1 1 1 1 1 1 1 1 1 7 7 7 1 11 11 11 1 15 15 15 1 20 20 20 20 20 1 19 19 19 19 19 1 20 20 20 20 20 1 15 15 15 15 15 15 15 15 15 1 11 11 11 11 11 11 11 11 11 1 7 7 7 7 7 7 7 7 7 7 7 7 7 7 7 7 7 7 7
1 1 1 1 1 1 1 1 1 1 1 1 1 1 1 1 1 1 1 1 1 1 1 1 1 1 1 1 1 1 1 1 1 1 1 1 1 1 1 1 1 7 7 7 1 11 11 11 1 15 15 15 1 20 20 20 20 20 1 19 19 19 19 19 1 20 20 20 20 20 1 15 15 15 15 15 15 15 15 15 1 11 11 11 11 11 11 11 11 11 1 7 7 7 7 7 7 7 7 7 7 7 7 7 7 7 7 7 7 7
1 1 1 1 1 1 1 1 1 1 1 1 1 1 1 1 1 1 1 1 1 1 1 1 1 1 1 1 1 1 1 1 1 1 1 1 1 1 1 1 1 7 7 7 1 11 11 11 1 15 15 15 1 20 20 20 20 20 1 19 19 19 19 19 1 20 20 20 20 20 1 15 15 15 15 15 15 15 15 15 1 11 11 11 11 11 11 11 11 11 1 7 7 7 7 7 7 7 7 7 7 7 7 7 7 7 7 7 7 7
1 1 1 1 1 1 1 1 1 1 1 1 1 1 1 1 1 1 1 1 1 1 1 1 1 1 1 1 1 1 1 1 1 1 1 1 1 1 1 1 1 7 7 7 1 11 11 11 1 15 15 15 1 20 20 20 20 20 1 19 19 19 19 19 1 20 20 20 20 20 1 15 15 15 15 15 15 15 15 15 1 11 11 11 11 11 11 11 11 11 1 7 7 7 7 7 7 7 7 7 7 7 7 7 7 7 7 7 7 7
1 1 1 1 1 1 1 1 1 1 1 1 1 1 1 1 1 1 1 1 1 1 1 1 1 1 1 1 1 1 1 1 1 1 1 1 1 1 1 1 6 1 1 1 10 1 1 1 14 1 1 1 18 1 1 1 1 1 20 1 1 1 1 1 18 1 1 1 1 1 14 1 1 1 1 1 1 1 1 1 10 1 1 1 1 1 1 1 1 1 6 1 1 1 1 1 1 1 1 1 1 1 1 1 1 1 1 1 1 1
1 1 1 1 1 1 1 1 1 1 1 1 1 1 1 1 1 1 1 1 1 1 1 1 1 1 1 1 1 1 1 1 1 1 1 1 1 1 1 1 1 7 7 7 1 11 11 11 1 15 15 15 1 19 19 19 19 19 1 20 20 20 20 20 1 19 19 19 19 19 1 15 15 15 15 15 15 15 15 15 1 11 11 11 11 11 11 11 11 11 1 7 7 7 7 7 7 7 7 7 7 7 7 7 7 7 7 7 7 7
1 1 1 1 1 1 1 1 1 1 1 1 1 1 1 1 1 1 1 1 1 1 1 1 1 1 1 1 1 1 1 1 1 1 1 1 1 1 1 1 1 7 7 7 1 11 11 11 1 15 15 15 1 19 19 19 19 19 1 20 20 20 20 20 1 19 19 19 19 19 1 15 15 15 15 15 15 15 15 15 1 11 11 11 11 11 11 11 11 11 1 7 7 7 7 7 7 7 7 7 7 7 7 7 7 7 7 7 7 7
1 1 1 1 1 1 1 1 1 1 1 1 1 1 1 1 1 1 1 1 1 1 1 1 1 1 1 1 1 1 1 1 1 1 1 1 1 1 1 1 1 7 7 7 1 11 11 11 1 15 15 15 1 19 19 19 19 19 1 20 20 20 20 20 1 19 19 19 19 19 1 15 15 15 15 15 15 15 15 15 1 11 11 11 11 11 11 11 11 11 1 7 7 7 7 7 7 7 7 7 7 7 7 7 7 7 7 7 7 7
1 1 1 1 1 1 1 1 1 1 1 1 1 1 1 1 1 1 1 1 1 1 1 1 1 1 1 1 1 1 1 1 1 1 1 1 1 1 1 1 1 7 7 7 1 11 11 11 1 15 15 15 1 19 19 19 19 19 1 20 20 20 20 20 1 19 19 19 19 19 1 15 15 15 15 15 15 15 15 15 1 11 11 11 11 11 11 11 11 11 1 7 7 7 7 7 7 7 7 7 7 7 7 7 7 7 7 7 7 7
1 1 1 1 1 1 1 1 1 1 1 1 1 1 1 1 1 1 1 1 1 1 1 1 1 1 1 1 1 1 1 1 1 1 1 1 1 1 1 1 1 7 7 7 1 11 11 11 1 15 15 15 1 19 19 19 19 19 1 20 20 20 20 20 1 19 19 19 19 19 1 15 15 15 15 15 15 15 15 15 1 11 11 11 11 11 11 11 11 11 1 7 7 7 7 7 7 7 7 7 7 7 7 7 7 7 7 7 7 7
1 1 1 1 1 1 1 1 1 1 1 1 1 1 1 1 1 1 1 1 1 1 1 1 1 1 1 1 1 1 1 1 1 1 1 1 1 1 1 1 6 1 1 1 10 1 1 1 14 1 1 1 20 1 1 1 1 1 18 1 1 1 1 1 20 1 1 1 1 1 14 1 1 1 1 1 1 1 1 1 10 1 1 1 1 1 1 1 1 1 6 1 1 1 1 1 1 1 1 1 1 1 1 1 1 1 1 1 1 1
1 1 1 1 1 1 1 1 1 1 1 1 1 1 1 1 1 1 1 1 1 1 1 1 1 1 1 1 1 1 1 1 1 1 1 1 1 1 1 1 1 7 7 7 1 11 11 11 1 15 15 15 1 20 20 20 20 20 1 19 19 19 19 19 1 20 20 20 20 20 1 15 15 15 15 15 15 15 15 15 1 11 11 11 11 11 11 11 11 11 1 7 7 7 7 7 7 7 7 7 7 7 7 7 7 7 7 7 7 7
1 1 1 1 1 1 1 1 1 1 1 1 1 1 1 1 1 1 1 1 1 1 1 1 1 1 1 1 1 1 1 1 1 1 1 1 1 1 1 1 1 7 7 7 1 11 11 11 1 15 15 15 1 20 20 20 20 20 1 19 19 19 19 19 1 20 20 20 20 20 1 15 15 15 15 15 15 15 15 15 1 11 11 11 11 11 11 11 11 11 1 7 7 7 7 7 7 7 7 7 7 7 7 7 7 7 7 7 7 7
1 1 1 1 1 1 1 1 1 1 1 1 1 1 1 1 1 1 1 1 1 1 1 1 1 1 1 1 1 1 1 1 1 1 1 1 1 1 1 1 1 7 7 7 1 11 11 11 1 15 15 15 1 20 20 20 20 20 1 19 19 19 19 19 1 20 20 20 20 20 1 15 15 15 15 15 15 15 15 15 1 11 11 11 11 11 11 11 11 11 1 7 7 7 7 7 7 7 7 7 7 7 7 7 7 7 7 7 7 7
1 1 1 1 1 1 1 1 1 1 1 1 1 1 1 1 1 1 1 1 1 1 1 1 1 1 1 1 1 1 1 1 1 1 1 1 1 1 1 1 1 7 7 7 1 11 11 11 1 15 15 15 1 20 20 20 20 20 1 19 19 19 19 19 1 20 20 20 20 20 1 15 15 15 15 15 15 15 15 15 1 11 11 11 11 11 11 11 11 11 1 7 7 7 7 7 7 7 7 7 7 7 7 7 7 7 7 7 7 7
1 1 1 1 1 1 1 1 1 1 1 1 1 1 1 1 1 1 1 1 1 1 1 1 1 1 1 1 1 1 1 1 1 1 1 1 1 1 1 1 1 7 7 7 1 11 11 11 1 15 15 15 1 20 20 20 20 20 1 19 19 19 19 19 1 20 20 20 20 20 1 15 15 15 15 15 15 15 15 15 1 11 11 11 11 11 11 11 11 11 1 7 7 7 7 7 7 7 7 7 7 7 7 7 7 7 7 7 7 7
1 1 1 1 1 1 1 1 1 1 1 1 1 1 1 1 1 1 1 1 1 1 1 1 1 1 1 1 1 1 1 1 1 1 1 1 1 1 1 1 6 1 1 1 10 1 1 1 20 1 1 1 14 1 1 1 1 1 14 1 1 1 1 1 14 1 1 1 1 1 20 1 1 1 1 1 1 1 1 1 10 1 1 1 1 1 1 1 1 1 6 1 1 1 1 1 1 1 1 1 1 1 1 1 1 1 1 1 1 1
1 1 1 1 1 1 1 1 1 1 1 1 1 1 1 1 1 1 1 1 1 1 1 1 1 1 1 1 1 1 1 1 1 1 1 1 1 1 1 1 1 7 7 7 1 11 11 11 1 20 20 20 1 15 15 15 15 15 1 15 15 15 15 15 1 15 15 15 15 15 1 20 20 20 20 20 20 20 20 20 1 11 11 11 11 11 11 11 11 11 1 7 7 7 7 7 7 7 7 7 7 7 7 7 7 7 7 7 7 7
1 1 1 1 1 1 1 1 1 1 1 1 1 1 1 1 1 1 1 1 1 1 1 1 1 1 1 1 1 1 1 1 1 1 1 1 1 1 1 1 1 7 7 7 1 11 11 11 1 20 20 20 1 15 15 15 15 15 1 15 15 15 15 15 1 15 15 15 15 15 1 20 20 20 20 20 20 20 20 20 1 11 11 11 11 11 11 11 11 11 1 7 7 7 7 7 7 7 7 7 7 7 7 7 7 7 7 7 7 7
1 1 1 1 1 1 1 1 1 1 1 1 1 1 1 1 1 1 1 1 1 1 1 1 1 1 1 1 1 1 1 1 1 1 1 1 1 1 1 1 1 7 7 7 1 11 11 11 1 20 20 20 1 15 15 15 15 15 1 15 15 15 15 15 1 15 15 15 15 15 1 20 20 20 20 20 20 20 20 20 1 11 11 11 11 11 11 11 11 11 1 7 7 7 7 7 7 7 7 7 7 7 7 7 7 7 7 7 7 7
1 1 1 1 1 1 1 1 1 1 1 1 1 1 1 1 1 1 1 1 1 1 1 1 1 1 1 1 1 1 1 1 1 1 1 1 1 1 1 1 1 7 7 7 1 11 11 11 1 20 20 20 1 15 15 15 15 15 1 15 15 15 15 15 1 15 15 15 15 15 1 20 20 20 20 20 20 20 20 20 1 11 11 11 11 11 11 11 11 11 1 7 7 7 7 7 7 7 7 7 7 7 7 7 7 7 7 7 7 7
1 1 1 1 1 1 1 1 1 1 1 1 1 1 1 1 1 1 1 1 1 1 1 1 1 1 1 1 1 1 1 1 1 1 1 1 1 1 1 1 1 7 7 7 1 11 11 11 1 20 20 20 1 15 15 15 15 15 1 15 15 15 15 15 1 15 15 15 15 15 1 20 20 20 20 20 20 20 20 20 1 11 11 11 11 11 11 11 11 11 1 7 7 7 7 7 7 7 7 7 7 7 7 7 7 7 7 7 7 7
1 1 1 1 1 1 1 1 1 1 1 1 1 1 1 1 1 1 1 1 1 1 1 1 1 1 1 1 1 1 1 1 1 1 1 1 1 1 1 1 1 7 7 7 1 11 11 11 1 20 20 20 1 15 15 15 15 15 1 15 15 15 15 15 1 15 15 15 15 15 1 20 20 20 20 20 20 20 20 20 1 11 11 11 11 11 11 11 11 11 1 7 7 7 7 7 7 7 7 7 7 7 7 7 7 7 7 7 7 7
1 1 1 1 1 1 1 1 1 1 1 1 1 1 1 1 1 1 1 1 1 1 1 1 1 1 1 1 1 1 1 1 1 1 1 1 1 1 1 1 1 7 7 7 1 11 11 11 1 20 20 20 1 15 15 15 15 15 1 15 15 15 15 15 1 15 15 15 15 15 1 20 20 20 20 20 20 20 20 20 1 11 11 11 11 11 11 11 11 11 1 7 7 7 7 7 7 7 7 7 7 7 7 7 7 7 7 7 7 7
1 1 1 1 1 1 1 1 1 1 1 1 1 1 1 1 1 1 1 1 1 1 1 1 1 1 1 1 1 1 1 1 1 1 1 1 1 1 1 1 1 7 7 7 1 11 11 11 1 20 20 20 1 15 15 15 15 15 1 15 15 15 15 15 1 15 15 15 15 15 1 20 20 20 20 20 20 20 20 20 1 11 11 11 11 11 11 11 11 11 1 7 7 7 7 7 7 7 7 7 7 7 7 7 7 7 7 7 7 7
1 1 1 1 1 1 1 1 1 1 1 1 1 1 1 1 1 1 1 1 1 1 1 1 1 1 1 1 1 1 1 1 1 1 1 1 1 1 1 1 1 7 7 7 1 11 11 11 1 20 20 20 1 15 15 15 15 15 1 15 15 15 15 15 1 15 15 15 15 15 1 20 20 20 20 20 20 20 20 20 1 11 11 11 11 11 11 11 11 11 1 7 7 7 7 7 7 7 7 7 7 7 7 7 7 7 7 7 7 7
1 1 1 1 1 1 1 1 1 1 1 1 1 1 1 1 1 1 1 1 1 1 1 1 1 1 1 1 1 1 1 1 1 1 1 1 1 1 1 1 6 1 1 1 20 1 1 1 10 1 1 1 10 1 1 1 1 1 10 1 1 1 1 1 10 1 1 1 1 1 10 1 1 1 1 1 1 1 1 1 20 1 1 1 1 1 1 1 1 1 6 1 1 1 1 1 1 1 1 1 1 1 1 1 1 1 1 1 1 1
1 1 1 1 1 1 1 1 1 1 1 1 1 1 1 1 1 1 1 1 1 1 1 1 1 1 1 1 1 1 1 1 1 1 1 1 1 1 1 1 1 7 7 7 1 20 20 20 1 11 11 11 1 11 11 11 11 11 1 11 11 11 11 11 1 11 11 11 11 11 1 11 11 11 11 11 11 11 11 11 1 20 20 20 20 20 20 20 20 20 1 7 7 7 7 7 7 7 7 7 7 7 7 7 7 7 7 7 7 7
1 1 1 1 1 1 1 1 1 1 1 1 1 1 1 1 1 1 1 1 1 1 1 1 1 1 1 1 1 1 1 1 1 1 1 1 1 1 1 1 1 7 7 7 1 20 20 20 1 11 11 11 1 11 11 11 11 11 1 11 11 11 11 11 1 11 11 11 11 11 1 11 11 11 11 11 11 11 11 11 1 20 20 20 20 20 20 20 20 20 1 7 7 7 7 7 7 7 7 7 7 7 7 7 7 7 7 7 7 7
1 1 1 1 1 1 1 1 1 1 1 1 1 1 1 1 1 1 1 1 1 1 1 1 1 1 1 1 1 1 1 1 1 1 1 1 1 1 1 1 1 7 7 7 1 20 20 20 1 11 11 11 1 11 11 11 11 11 1 11 11 11 11 11 1 11 11 11 11 11 1 11 11 11 11 11 11 11 11 11 1 20 20 20 20 20 20 20 20 20 1 7 7 7 7 7 7 7 7 7 7 7 7 7 7 7 7 7 7 7
1 1 1 1 1 1 1 1 1 1 1 1 1 1 1 1 1 1 1 1 1 1 1 1 1 1 1 1 1 1 1 1 1 1 1 1 1 1 1 1 1 7 7 7 1 20 20 20 1 11 11 11 1 11 11 11 11 11 1 11 11 11 11 11 1 11 11 11 11 11 1 11 11 11 11 11 11 11 11 11 1 20 20 20 20 20 20 20 20 20 1 7 7 7 7 7 7 7 7 7 7 7 7 7 7 7 7 7 7 7
1 1 1 1 1 1 1 1 1 1 1 1 1 1 1 1 1 1 1 1 1 1 1 1 1 1 1 1 1 1 1 1 1 1 1 1 1 1 1 1 1 7 7 7 1 20 20 20 1 11 11 11 1 11 11 11 11 11 1 11 11 11 11 11 1 11 11 11 11 11 1 11 11 11 11 11 11 11 11 11 1 20 20 20 20 20 20 20 20 20 1 7 7 7 7 7 7 7 7 7 7 7 7 7 7 7 7 7 7 7
1 1 1 1 1 1 1 1 1 1 1 1 1 1 1 1 1 1 1 1 1 1 1 1 1 1 1 1 1 1 1 1 1 1 1 1 1 1 1 1 1 7 7 7 1 20 20 20 1 11 11 11 1 11 11 11 11 11 1 11 11 11 11 11 1 11 11 11 11 11 1 11 11 11 11 11 11 11 11 11 1 20 20 20 20 20 20 20 20 20 1 7 7 7 7 7 7 7 7 7 7 7 7 7 7 7 7 7 7 7
1 1 1 1 1 1 1 1 1 1 1 1 1 1 1 1 1 1 1 1 1 1 1 1 1 1 1 1 1 1 1 1 1 1 1 1 1 1 1 1 1 7 7 7 1 20 20 20 1 11 11 11 1 11 11 11 11 11 1 11 11 11 11 11 1 11 11 11 11 11 1 11 11 11 11 11 11 11 11 11 1 20 20 20 20 20 20 20 20 20 1 7 7 7 7 7 7 7 7 7 7 7 7 7 7 7 7 7 7 7
1 1 1 1 1 1 1 1 1 1 1 1 1 1 1 1 1 1 1 1 1 1 1 1 1 1 1 1 1 1 1 1 1 1 1 1 1 1 1 1 1 7 7 7 1 20 20 20 1 11 11 11 1 11 11 11 11 11 1 11 11 11 11 11 1 11 11 11 11 11 1 11 11 11 11 11 11 11 11 11 1 20 20 20 20 20 20 20 20 20 1 7 7 7 7 7 7 7 7 7 7 7 7 7 7 7 7 7 7 7
1 1 1 1 1 1 1 1 1 1 1 1 1 1 1 1 1 1 1 1 1 1 1 1 1 1 1 1 1 1 1 1 1 1 1 1 1 1 1 1 1 7 7 7 1 20 20 20 1 11 11 11 1 11 11 11 11 11 1 11 11 11 11 11 1 11 11 11 11 11 1 11 11 11 11 11 11 11 11 11 1 20 20 20 20 20 20 20 20 20 1 7 7 7 7 7 7 7 7 7 7 7 7 7 7 7 7 7 7 7
1 1 1 1 1 1 1 1 1 1 1 1 1 1 1 1 1 1 1 1 1 1 1 1 1 1 1 1 1 1 1 1 1 1 1 1 1 1 1 1 20 1 1 1 6 1 1 1 6 1 1 1 6 1 1 1 1 1 6 1 1 1 1 1 6 1 1 1 1 1 6 1 1 1 1 1 1 1 1 1 6 1 1 1 1 1 1 1 1 1 20 1 1 1 1 1 1 1 1 1 1 1 1 1 1 1 1 1 1 1
1 1 1 1 1 1 1 1 1 1 1 1 1 1 1 1 1 1 1 1 1 1 1 1 1 1 1 1 1 1 1 1 1 1 1 1 1 1 1 1 1 20 20 20 1 7 7 7 1 7 7 7 1 7 7 7 7 7 1 7 7 7 7 7 1 7 7 7 7 7 1 7 7 7 7 7 7 7 7 7 1 7 7 7 7 7 7 7 7 7 1 20 20 20 20 20 20 20 20 20 20 20 20 20 20 20 20 20 20 20
1 1 1 1 1 1 1 1 1 1 1 1 1 1 1 1 1 1 1 1 1 1 1 1 1 1 1 1 1 1 1 1 1 1 1 1 1 1 1 1 1 20 20 20 1 7 7 7 1 7 7 7 1 7 7 7 7 7 1 7 7 7 7 7 1 7 7 7 7 7 1 7 7 7 7 7 7 7 7 7 1 7 7 7 7 7 7 7 7 7 1 20 20 20 20 20 20 20 20 20 20 20 20 20 20 20 20 20 20 20
1 1 1 1 1 1 1 1 1 1 1 1 1 1 1 1 1 1 1 1 1 1 1 1 1 1 1 1 1 1 1 1 1 1 1 1 1 1 1 1 1 20 20 20 1 7 7 7 1 7 7 7 1 7 7 7 7 7 1 7 7 7 7 7 1 7 7 7 7 7 1 7 7 7 7 7 7 7 7 7 1 7 7 7 7 7 7 7 7 7 1 20 20 20 20 20 20 20 20 20 20 20 20 20 20 20 20 20 20 20
1 1 1 1 1 1 1 1 1 1 1 1 1 1 1 1 1 1 1 1 1 1 1 1 1 1 1 1 1 1 1 1 1 1 1 1 1 1 1 1 1 20 20 20 1 7 7 7 1 7 7 7 1 7 7 7 7 7 1 7 7 7 7 7 1 7 7 7 7 7 1 7 7 7 7 7 7 7 7 7 1 7 7 7 7 7 7 7 7 7 1 20 20 20 20 20 20 20 20 20 20 20 20 20 20 20 20 20 20 20
1 1 1 1 1 1 1 1 1 1 1 1 1 1 1 1 1 1 1 1 1 1 1 1 1 1 1 1 1 1 1 1 1 1 1 1 1 1 1 1 1 20 20 20 1 7 7 7 1 7 7 7 1 7 7 7 7 7 1 7 7 7 7 7 1 7 7 7 7 7 1 7 7 7 7 7 7 7 7 7 1 7 7 7 7 7 7 7 7 7 1 20 20 20 20 20 20 20 20 20 20 20 20 20 20 20 20 20 20 20
1 1 1 1 1 1 1 1 1 1 1 1 1 1 1 1 1 1 1 1 1 1 1 1 1 1 1 1 1 1 1 1 1 1 1 1 1 1 1 1 1 20 20 20 1 7 7 7 1 7 7 7 1 7 7 7 7 7 1 7 7 7 7 7 1 7 7 7 7 7 1 7 7 7 7 7 7 7 7 7 1 7 7 7 7 7 7 7 7 7 1 20 20 20 20 20 20 20 20 20 20 20 20 20 20 20 20 20 20 20
1 1 1 1 1 1 1 1 1 1 1 1 1 1 1 1 1 1 1 1 1 1 1 1 1 1 1 1 1 1 1 1 1 1 1 1 1 1 1 1 1 20 20 20 1 7 7 7 1 7 7 7 1 7 7 7 7 7 1 7 7 7 7 7 1 7 7 7 7 7 1 7 7 7 7 7 7 7 7 7 1 7 7 7 7 7 7 7 7 7 1 20 20 20 20 20 20 20 20 20 20 20 20 20 20 20 20 20 20 20
1 1 1 1 1 1 1 1 1 1 1 1 1 1 1 1 1 1 1 1 1 1 1 1 1 1 1 1 1 1 1 1 1 1 1 1 1 1 1 1 1 20 20 20 1 7 7 7 1 7 7 7 1 7 7 7 7 7 1 7 7 7 7 7 1 7 7 7 7 7 1 7 7 7 7 7 7 7 7 7 1 7 7 7 7 7 7 7 7 7 1 20 20 20 20 20 20 20 20 20 20 20 20 20 20 20 20 20 20 20
1 1 1 1 1 1 1 1 1 1 1 1 1 1 1 1 1 1 1 1 1 1 1 1 1 1 1 1 1 1 1 1 1 1 1 1 1 1 1 1 1 20 20 20 1 7 7 7 1 7 7 7 1 7 7 7 7 7 1 7 7 7 7 7 1 7 7 7 7 7 1 7 7 7 7 7 7 7 7 7 1 7 7 7 7 7 7 7 7 7 1 20 20 20 20 20 20 20 20 20 20 20 20 20 20 20 20 20 20 20
1 1 1 1 1 1 1 1 1 1 1 1 1 1 1 1 1 1 1 1 1 1 1 1 1 1 1 1 1 1 1 1 1 1 1 1 1 1 1 1 1 20 20 20 1 7 7 7 1 7 7 7 1 7 7 7 7 7 1 7 7 7 7 7 1 7 7 7 7 7 1 7 7 7 7 7 7 7 7 7 1 7 7 7 7 7 7 7 7 7 1 20 20 20 20 20 20 20 20 20 20 20 20 20 20 20 20 20 20 20
1 1 1 1 1 1 1 1 1 1 1 1 1 1 1 1 1 1 1 1 1 1 1 1 1 1 1 1 1 1 1 1 1 1 1 1 1 1 1 1 1 20 20 20 1 7 7 7 1 7 7 7 1 7 7 7 7 7 1 7 7 7 7 7 1 7 7 7 7 7 1 7 7 7 7 7 7 7 7 7 1 7 7 7 7 7 7 7 7 7 1 20 20 20 20 20 20 20 20 20 20 20 20 20 20 20 20 20 20 20
1 1 1 1 1 1 1 1 1 1 1 1 1 1 1 1 1 1 1 1 1 1 1 1 1 1 1 1 1 1 1 1 1 1 1 1 1 1 1 1 1 20 20 20 1 7 7 7 1 7 7 7 1 7 7 7 7 7 1 7 7 7 7 7 1 7 7 7 7 7 1 7 7 7 7 7 7 7 7 7 1 7 7 7 7 7 7 7 7 7 1 20 20 20 20 20 20 20 20 20 20 20 20 20 20 20 20 20 20 20
1 1 1 1 1 1 1 1 1 1 1 1 1 1 1 1 1 1 1 1 1 1 1 1 1 1 1 1 1 1 1 1 1 1 1 1 1 1 1 1 1 20 20 20 1 7 7 7 1 7 7 7 1 7 7 7 7 7 1 7 7 7 7 7 1 7 7 7 7 7 1 7 7 7 7 7 7 7 7 7 1 7 7 7 7 7 7 7 7 7 1 20 20 20 20 20 20 20 20 20 20 20 20 20 20 20 20 20 20 20
1 1 1 1 1 1 1 1 1 1 1 1 1 1 1 1 1 1 1 1 1 1 1 1 1 1 1 1 1 1 1 1 1 1 1 1 1 1 1 1 1 20 20 20 1 7 7 7 1 7 7 7 1 7 7 7 7 7 1 7 7 7 7 7 1 7 7 7 7 7 1 7 7 7 7 7 7 7 7 7 1 7 7 7 7 7 7 7 7 7 1 20 20 20 20 20 20 20 20 20 20 20 20 20 20 20 20 20 20 20
1 1 1 1 1 1 1 1 1 1 1 1 1 1 1 1 1 1 1 1 1 1 1 1 1 1 1 1 1 1 1 1 1 1 1 1 1 1 1 1 1 20 20 20 1 7 7 7 1 7 7 7 1 7 7 7 7 7 1 7 7 7 7 7 1 7 7 7 7 7 1 7 7 7 7 7 7 7 7 7 1 7 7 7 7 7 7 7 7 7 1 20 20 20 20 20 20 20 20 20 20 20 20 20 20 20 20 20 20 20
1 1 1 1 1 1 1 1 1 1 1 1 1 1 1 1 1 1 1 1 1 1 1 1 1 1 1 1 1 1 1 1 1 1 1 1 1 1 1 1 1 20 20 20 1 7 7 7 1 7 7 7 1 7 7 7 7 7 1 7 7 7 7 7 1 7 7 7 7 7 1 7 7 7 7 7 7 7 7 7 1 7 7 7 7 7 7 7 7 7 1 20 20 20 20 20 20 20 20 20 20 20 20 20 20 20 20 20 20 20
1 1 1 1 1 1 1 1 1 1 1 1 1 1 1 1 1 1 1 1 1 1 1 1 1 1 1 1 1 1 1 1 1 1 1 1 1 1 1 1 1 20 20 20 1 7 7 7 1 7 7 7 1 7 7 7 7 7 1 7 7 7 7 7 1 7 7 7 7 7 1 7 7 7 7 7 7 7 7 7 1 7 7 7 7 7 7 7 7 7 1 20 20 20 20 20 20 20 20 20 20 20 20 20 20 20 20 20 20 20
1 1 1 1 1 1 1 1 1 1 1 1 1 1 1 1 1 1 1 1 1 1 1 1 1 1 1 1 1 1 1 1 1 1 1 1 1 1 1 1 1 20 20 20 1 7 7 7 1 7 7 7 1 7 7 7 7 7 1 7 7 7 7 7 1 7 7 7 7 7 1 7 7 7 7 7 7 7 7 7 1 7 7 7 7 7 7 7 7 7 1 20 20 20 20 20 20 20 20 20 20 20 20 20 20 20 20 20 20 20
1 1 1 1 1 1 1 1 1 1 1 1 1 1 1 1 1 1 1 1 1 1 1 1 1 1 1 1 1 1 1 1 1 1 1 1 1 1 1 1 1 20 20 20 1 7 7 7 1 7 7 7 1 7 7 7 7 7 1 7 7 7 7 7 1 7 7 7 7 7 1 7 7 7 7 7 7 7 7 7 1 7 7 7 7 7 7 7 7 7 1 20 20 20 20 20 20 20 20 20 20 20 20 20 20 20 20 20 20 20
