1.000 -0.018 0.487 -0.032 0.389 -0.026 -0.032 -0.026 -0.026 -0.032 -0.026 -0.032 -0.032 -0.026 -0.032 -0.026 -0.026 -0.032 -0.026 -0.032 -0.032 -0.026 -0.032 -0.026 -0.026 -0.032 -0.026 -0.032 -0.032 -0.026 -0.032 -0.026 -0.026 -0.032 -0.026 -0.032 -0.032 -0.026 -0.032 -0.026 -0.026 -0.032 -0.026 -0.032 -0.032 -0.026 -0.032 -0.026 -0.026 -0.032 -0.026 -0.032 -0.032 -0.026 -0.032 -0.026 -0.026 -0.032 -0.026 -0.032 -0.032 -0.026 -0.032 -0.026 -0.026 -0.032 -0.026 -0.032 -0.032 -0.026 -0.032 -0.026 -0.026 -0.032 -0.026 -0.032 -0.032 -0.026 0.389 -0.013
-0.018 1.000 -0.018 0.653 -0.026 0.389 -0.040 -0.032 -0.032 -0.040 -0.032 -0.040 -0.040 -0.032 -0.040 -0.032 -0.032 -0.040 -0.032 -0.040 -0.040 -0.032 -0.040 -0.032 -0.032 -0.040 -0.032 -0.040 -0.040 -0.032 -0.040 -0.032 -0.032 -0.040 -0.032 -0.040 -0.040 -0.032 -0.040 -0.032 -0.032 -0.040 -0.032 -0.040 -0.040 -0.032 -0.040 -0.032 -0.032 -0.040 -0.032 -0.040 -0.040 -0.032 -0.040 -0.032 -0.032 -0.040 -0.032 -0.040 -0.040 -0.032 -0.040 -0.032 -0.032 -0.040 -0.032 -0.040 -0.040 -0.032 -0.040 -0.032 -0.032 -0.040 -0.032 -0.040 -0.040 -0.032 -0.040 0.389
0.487 -0.018 1.000 -0.018 0.811 -0.026 0.389 -0.026 -0.026 -0.032 -0.026 -0.032 -0.032 -0.026 -0.032 -0.026 -0.026 -0.032 -0.026 -0.032 -0.032 -0.026 -0.032 -0.026 -0.026 -0.032 -0.026 -0.032 -0.032 -0.026 -0.032 -0.026 -0.026 -0.032 -0.026 -0.032 -0.032 -0.026 -0.032 -0.026 -0.026 -0.032 -0.026 -0.032 -0.032 -0.026 -0.032 -0.026 -0.026 -0.032 -0.026 -0.032 -0.032 -0.026 -0.032 -0.026 -0.026 -0.032 -0.026 -0.032 -0.032 -0.026 -0.032 -0.026 -0.026 -0.032 -0.026 -0.032 -0.032 -0.026 -0.032 -0.026 -0.026 -0.032 -0.026 -0.032 -0.032 -0.026 -0.032 -0.026
-0.032 0.653 -0.018 1.000 -0.026 0.811 -0.026 0.389 -0.032 -0.040 -0.032 -0.040 -0.040 -0.032 -0.040 -0.032 -0.032 -0.040 -0.032 -0.040 -0.040 -0.032 -0.040 -0.032 -0.032 -0.040 -0.032 -0.040 -0.040 -0.032 -0.040 -0.032 -0.032 -0.040 -0.032 -0.040 -0.040 -0.032 -0.040 -0.032 -0.032 -0.040 -0.032 -0.040 -0.040 -0.032 -0.040 -0.032 -0.032 -0.040 -0.032 -0.040 -0.040 -0.032 -0.040 -0.032 -0.032 -0.040 -0.032 -0.040 -0.040 -0.032 -0.040 -0.032 -0.032 -0.040 -0.032 -0.040 -0.040 -0.032 -0.040 -0.032 -0.032 -0.040 -0.032 -0.040 -0.040 -0.032 -0.040 -0.032
0.389 -0.026 0.811 -0.026 1.000 -0.018 0.653 -0.032 -0.032 -0.040 -0.032 -0.040 -0.040 -0.032 -0.040 -0.032 -0.032 -0.040 -0.032 -0.040 -0.040 -0.032 -0.040 -0.032 -0.032 -0.040 -0.032 -0.040 -0.040 -0.032 -0.040 -0.032 -0.032 -0.040 -0.032 -0.040 -0.040 -0.032 -0.040 -0.032 -0.032 -0.040 -0.032 -0.040 -0.040 -0.032 -0.040 -0.032 -0.032 -0.040 -0.032 -0.040 -0.040 -0.032 -0.040 -0.032 -0.032 -0.040 -0.032 -0.040 -0.040 -0.032 -0.040 -0.032 -0.032 -0.040 -0.032 -0.040 -0.040 -0.032 -0.040 -0.032 -0.032 -0.040 -0.032 -0.040 -0.040 -0.032 -0.040 -0.032
-0.026 0.389 -0.026 0.811 -0.018 1.000 -0.018 0.487 -0.026 -0.032 -0.026 -0.032 -0.032 -0.026 -0.032 -0.026 -0.026 -0.032 -0.026 -0.032 -0.032 -0.026 -0.032 -0.026 -0.026 -0.032 -0.026 -0.032 -0.032 -0.026 -0.032 -0.026 -0.026 -0.032 -0.026 -0.032 -0.032 -0.026 -0.032 -0.026 -0.026 -0.032 -0.026 -0.032 -0.032 -0.026 -0.032 -0.026 -0.026 -0.032 -0.026 -0.032 -0.032 -0.026 -0.032 -0.026 -0.026 -0.032 -0.026 -0.032 -0.032 -0.026 -0.032 -0.026 -0.026 -0.032 -0.026 -0.032 -0.032 -0.026 -0.032 -0.026 -0.026 -0.032 -0.026 -0.032 -0.032 -0.026 -0.032 -0.026
-0.032 -0.040 0.389 -0.026 0.653 -0.018 1.000 -0.018 0.389 -0.040 -0.032 -0.040 -0.040 -0.032 -0.040 -0.032 -0.032 -0.040 -0.032 -0.040 -0.040 -0.032 -0.040 -0.032 -0.032 -0.040 -0.032 -0.040 -0.040 -0.032 -0.040 -0.032 -0.032 -0.040 -0.032 -0.040 -0.040 -0.032 -0.040 -0.032 -0.032 -0.040 -0.032 -0.040 -0.040 -0.032 -0.040 -0.032 -0.032 -0.040 -0.032 -0.040 -0.040 -0.032 -0.040 -0.032 -0.032 -0.040 -0.032 -0.040 -0.040 -0.032 -0.040 -0.032 -0.032 -0.040 -0.032 -0.040 -0.040 -0.032 -0.040 -0.032 -0.032 -0.040 -0.032 -0.040 -0.040 -0.032 -0.040 -0.032
-0.026 -0.032 -0.026 0.389 -0.032 0.487 -0.018 1.000 -0.013 0.389 -0.026 -0.032 -0.032 -0.026 -0.032 -0.026 -0.026 -0.032 -0.026 -0.032 -0.032 -0.026 -0.032 -0.026 -0.026 -0.032 -0.026 -0.032 -0.032 -0.026 -0.032 -0.026 -0.026 -0.032 -0.026 -0.032 -0.032 -0.026 -0.032 -0.026 -0.026 -0.032 -0.026 -0.032 -0.032 -0.026 -0.032 -0.026 -0.026 -0.032 -0.026 -0.032 -0.032 -0.026 -0.032 -0.026 -0.026 -0.032 -0.026 -0.032 -0.032 -0.026 -0.032 -0.026 -0.026 -0.032 -0.026 -0.032 -0.032 -0.026 -0.032 -0.026 -0.026 -0.032 -0.026 -0.032 -0.032 -0.026 -0.032 -0.026
-0.026 -0.032 -0.026 -0.032 -0.032 -0.026 0.389 -0.013 1.000 -0.018 0.487 -0.032 0.389 -0.026 -0.032 -0.026 -0.026 -0.032 -0.026 -0.032 -0.032 -0.026 -0.032 -0.026 -0.026 -0.032 -0.026 -0.032 -0.032 -0.026 -0.032 -0.026 -0.026 -0.032 -0.026 -0.032 -0.032 -0.026 -0.032 -0.026 -0.026 -0.032 -0.026 -0.032 -0.032 -0.026 -0.032 -0.026 -0.026 -0.032 -0.026 -0.032 -0.032 -0.026 -0.032 -0.026 -0.026 -0.032 -0.026 -0.032 -0.032 -0.026 -0.032 -0.026 -0.026 -0.032 -0.026 -0.032 -0.032 -0.026 -0.032 -0.026 -0.026 -0.032 -0.026 -0.032 -0.032 -0.026 -0.032 -0.026
-0.032 -0.040 -0.032 -0.040 -0.040 -0.032 -0.040 0.389 -0.018 1.000 -0.018 0.653 -0.026 0.389 -0.040 -0.032 -0.032 -0.040 -0.032 -0.040 -0.040 -0.032 -0.040 -0.032 -0.032 -0.040 -0.032 -0.040 -0.040 -0.032 -0.040 -0.032 -0.032 -0.040 -0.032 -0.040 -0.040 -0.032 -0.040 -0.032 -0.032 -0.040 -0.032 -0.040 -0.040 -0.032 -0.040 -0.032 -0.032 -0.040 -0.032 -0.040 -0.040 -0.032 -0.040 -0.032 -0.032 -0.040 -0.032 -0.040 -0.040 -0.032 -0.040 -0.032 -0.032 -0.040 -0.032 -0.040 -0.040 -0.032 -0.040 -0.032 -0.032 -0.040 -0.032 -0.040 -0.040 -0.032 -0.040 -0.032
-0.026 -0.032 -0.026 -0.032 -0.032 -0.026 -0.032 -0.026 0.487 -0.018 1.000 -0.018 0.811 -0.026 0.389 -0.026 -0.026 -0.032 -0.026 -0.032 -0.032 -0.026 -0.032 -0.026 -0.026 -0.032 -0.026 -0.032 -0.032 -0.026 -0.032 -0.026 -0.026 -0.032 -0.026 -0.032 -0.032 -0.026 -0.032 -0.026 -0.026 -0.032 -0.026 -0.032 -0.032 -0.026 -0.032 -0.026 -0.026 -0.032 -0.026 -0.032 -0.032 -0.026 -0.032 -0.026 -0.026 -0.032 -0.026 -0.032 -0.032 -0.026 -0.032 -0.026 -0.026 -0.032 -0.026 -0.032 -0.032 -0.026 -0.032 -0.026 -0.026 -0.032 -0.026 -0.032 -0.032 -0.026 -0.032 -0.026
-0.032 -0.040 -0.032 -0.040 -0.040 -0.032 -0.040 -0.032 -0.032 0.653 -0.018 1.000 -0.026 0.811 -0.026 0.389 -0.032 -0.040 -0.032 -0.040 -0.040 -0.032 -0.040 -0.032 -0.032 -0.040 -0.032 -0.040 -0.040 -0.032 -0.040 -0.032 -0.032 -0.040 -0.032 -0.040 -0.040 -0.032 -0.040 -0.032 -0.032 -0.040 -0.032 -0.040 -0.040 -0.032 -0.040 -0.032 -0.032 -0.040 -0.032 -0.040 -0.040 -0.032 -0.040 -0.032 -0.032 -0.040 -0.032 -0.040 -0.040 -0.032 -0.040 -0.032 -0.032 -0.040 -0.032 -0.040 -0.040 -0.032 -0.040 -0.032 -0.032 -0.040 -0.032 -0.040 -0.040 -0.032 -0.040 -0.032
-0.032 -0.040 -0.032 -0.040 -0.040 -0.032 -0.040 -0.032 0.389 -0.026 0.811 -0.026 1.000 -0.018 0.653 -0.032 -0.032 -0.040 -0.032 -0.040 -0.040 -0.032 -0.040 -0.032 -0.032 -0.040 -0.032 -0.040 -0.040 -0.032 -0.040 -0.032 -0.032 -0.040 -0.032 -0.040 -0.040 -0.032 -0.040 -0.032 -0.032 -0.040 -0.032 -0.040 -0.040 -0.032 -0.040 -0.032 -0.032 -0.040 -0.032 -0.040 -0.040 -0.032 -0.040 -0.032 -0.032 -0.040 -0.032 -0.040 -0.040 -0.032 -0.040 -0.032 -0.032 -0.040 -0.032 -0.040 -0.040 -0.032 -0.040 -0.032 -0.032 -0.040 -0.032 -0.040 -0.040 -0.032 -0.040 -0.032
-0.026 -0.032 -0.026 -0.032 -0.032 -0.026 -0.032 -0.026 -0.026 0.389 -0.026 0.811 -0.018 1.000 -0.018 0.487 -0.026 -0.032 -0.026 -0.032 -0.032 -0.026 -0.032 -0.026 -0.026 -0.032 -0.026 -0.032 -0.032 -0.026 -0.032 -0.026 -0.026 -0.032 -0.026 -0.032 -0.032 -0.026 -0.032 -0.026 -0.026 -0.032 -0.026 -0.032 -0.032 -0.026 -0.032 -0.026 -0.026 -0.032 -0.026 -0.032 -0.032 -0.026 -0.032 -0.026 -0.026 -0.032 -0.026 -0.032 -0.032 -0.026 -0.032 -0.026 -0.026 -0.032 -0.026 -0.032 -0.032 -0.026 -0.032 -0.026 -0.026 -0.032 -0.026 -0.032 -0.032 -0.026 -0.032 -0.026
-0.032 -0.040 -0.032 -0.040 -0.040 -0.032 -0.040 -0.032 -0.032 -0.040 0.389 -0.026 0.653 -0.018 1.000 -0.018 0.389 -0.040 -0.032 -0.040 -0.040 -0.032 -0.040 -0.032 -0.032 -0.040 -0.032 -0.040 -0.040 -0.032 -0.040 -0.032 -0.032 -0.040 -0.032 -0.040 -0.040 -0.032 -0.040 -0.032 -0.032 -0.040 -0.032 -0.040 -0.040 -0.032 -0.040 -0.032 -0.032 -0.040 -0.032 -0.040 -0.040 -0.032 -0.040 -0.032 -0.032 -0.040 -0.032 -0.040 -0.040 -0.032 -0.040 -0.032 -0.032 -0.040 -0.032 -0.040 -0.040 -0.032 -0.040 -0.032 -0.032 -0.040 -0.032 -0.040 -0.040 -0.032 -0.040 -0.032
-0.026 -0.032 -0.026 -0.032 -0.032 -0.026 -0.032 -0.026 -0.026 -0.032 -0.026 0.389 -0.032 0.487 -0.018 1.000 -0.013 0.389 -0.026 -0.032 -0.032 -0.026 -0.032 -0.026 -0.026 -0.032 -0.026 -0.032 -0.032 -0.026 -0.032 -0.026 -0.026 -0.032 -0.026 -0.032 -0.032 -0.026 -0.032 -0.026 -0.026 -0.032 -0.026 -0.032 -0.032 -0.026 -0.032 -0.026 -0.026 -0.032 -0.026 -0.032 -0.032 -0.026 -0.032 -0.026 -0.026 -0.032 -0.026 -0.032 -0.032 -0.026 -0.032 -0.026 -0.026 -0.032 -0.026 -0.032 -0.032 -0.026 -0.032 -0.026 -0.026 -0.032 -0.026 -0.032 -0.032 -0.026 -0.032 -0.026
-0.026 -0.032 -0.026 -0.032 -0.032 -0.026 -0.032 -0.026 -0.026 -0.032 -0.026 -0.032 -0.032 -0.026 0.389 -0.013 1.000 -0.018 0.487 -0.032 0.389 -0.026 -0.032 -0.026 -0.026 -0.032 -0.026 -0.032 -0.032 -0.026 -0.032 -0.026 -0.026 -0.032 -0.026 -0.032 -0.032 -0.026 -0.032 -0.026 -0.026 -0.032 -0.026 -0.032 -0.032 -0.026 -0.032 -0.026 -0.026 -0.032 -0.026 -0.032 -0.032 -0.026 -0.032 -0.026 -0.026 -0.032 -0.026 -0.032 -0.032 -0.026 -0.032 -0.026 -0.026 -0.032 -0.026 -0.032 -0.032 -0.026 -0.032 -0.026 -0.026 -0.032 -0.026 -0.032 -0.032 -0.026 -0.032 -0.026
-0.032 -0.040 -0.032 -0.040 -0.040 -0.032 -0.040 -0.032 -0.032 -0.040 -0.032 -0.040 -0.040 -0.032 -0.040 0.389 -0.018 1.000 -0.018 0.653 -0.026 0.389 -0.040 -0.032 -0.032 -0.040 -0.032 -0.040 -0.040 -0.032 -0.040 -0.032 -0.032 -0.040 -0.032 -0.040 -0.040 -0.032 -0.040 -0.032 -0.032 -0.040 -0.032 -0.040 -0.040 -0.032 -0.040 -0.032 -0.032 -0.040 -0.032 -0.040 -0.040 -0.032 -0.040 -0.032 -0.032 -0.040 -0.032 -0.040 -0.040 -0.032 -0.040 -0.032 -0.032 -0.040 -0.032 -0.040 -0.040 -0.032 -0.040 -0.032 -0.032 -0.040 -0.032 -0.040 -0.040 -0.032 -0.040 -0.032
-0.026 -0.032 -0.026 -0.032 -0.032 -0.026 -0.032 -0.026 -0.026 -0.032 -0.026 -0.032 -0.032 -0.026 -0.032 -0.026 0.487 -0.018 1.000 -0.018 0.811 -0.026 0.389 -0.026 -0.026 -0.032 -0.026 -0.032 -0.032 -0.026 -0.032 -0.026 -0.026 -0.032 -0.026 -0.032 -0.032 -0.026 -0.032 -0.026 -0.026 -0.032 -0.026 -0.032 -0.032 -0.026 -0.032 -0.026 -0.026 -0.032 -0.026 -0.032 -0.032 -0.026 -0.032 -0.026 -0.026 -0.032 -0.026 -0.032 -0.032 -0.026 -0.032 -0.026 -0.026 -0.032 -0.026 -0.032 -0.032 -0.026 -0.032 -0.026 -0.026 -0.032 -0.026 -0.032 -0.032 -0.026 -0.032 -0.026
-0.032 -0.040 -0.032 -0.040 -0.040 -0.032 -0.040 -0.032 -0.032 -0.040 -0.032 -0.040 -0.040 -0.032 -0.040 -0.032 -0.032 0.653 -0.018 1.000 -0.026 0.811 -0.026 0.389 -0.032 -0.040 -0.032 -0.040 -0.040 -0.032 -0.040 -0.032 -0.032 -0.040 -0.032 -0.040 -0.040 -0.032 -0.040 -0.032 -0.032 -0.040 -0.032 -0.040 -0.040 -0.032 -0.040 -0.032 -0.032 -0.040 -0.032 -0.040 -0.040 -0.032 -0.040 -0.032 -0.032 -0.040 -0.032 -0.040 -0.040 -0.032 -0.040 -0.032 -0.032 -0.040 -0.032 -0.040 -0.040 -0.032 -0.040 -0.032 -0.032 -0.040 -0.032 -0.040 -0.040 -0.032 -0.040 -0.032
-0.032 -0.040 -0.032 -0.040 -0.040 -0.032 -0.040 -0.032 -0.032 -0.040 -0.032 -0.040 -0.040 -0.032 -0.040 -0.032 0.389 -0.026 0.811 -0.026 1.000 -0.018 0.653 -0.032 -0.032 -0.040 -0.032 -0.040 -0.040 -0.032 -0.040 -0.032 -0.032 -0.040 -0.032 -0.040 -0.040 -0.032 -0.040 -0.032 -0.032 -0.040 -0.032 -0.040 -0.040 -0.032 -0.040 -0.032 -0.032 -0.040 -0.032 -0.040 -0.040 -0.032 -0.040 -0.032 -0.032 -0.040 -0.032 -0.040 -0.040 -0.032 -0.040 -0.032 -0.032 -0.040 -0.032 -0.040 -0.040 -0.032 -0.040 -0.032 -0.032 -0.040 -0.032 -0.040 -0.040 -0.032 -0.040 -0.032
-0.026 -0.032 -0.026 -0.032 -0.032 -0.026 -0.032 -0.026 -0.026 -0.032 -0.026 -0.032 -0.032 -0.026 -0.032 -0.026 -0.026 0.389 -0.026 0.811 -0.018 1.000 -0.018 0.487 -0.026 -0.032 -0.026 -0.032 -0.032 -0.026 -0.032 -0.026 -0.026 -0.032 -0.026 -0.032 -0.032 -0.026 -0.032 -0.026 -0.026 -0.032 -0.026 -0.032 -0.032 -0.026 -0.032 -0.026 -0.026 -0.032 -0.026 -0.032 -0.032 -0.026 -0.032 -0.026 -0.026 -0.032 -0.026 -0.032 -0.032 -0.026 -0.032 -0.026 -0.026 -0.032 -0.026 -0.032 -0.032 -0.026 -0.032 -0.026 -0.026 -0.032 -0.026 -0.032 -0.032 -0.026 -0.032 -0.026
-0.032 -0.040 -0.032 -0.040 -0.040 -0.032 -0.040 -0.032 -0.032 -0.040 -0.032 -0.040 -0.040 -0.032 -0.040 -0.032 -0.032 -0.040 0.389 -0.026 0.653 -0.018 1.000 -0.018 0.389 -0.040 -0.032 -0.040 -0.040 -0.032 -0.040 -0.032 -0.032 -0.040 -0.032 -0.040 -0.040 -0.032 -0.040 -0.032 -0.032 -0.040 -0.032 -0.040 -0.040 -0.032 -0.040 -0.032 -0.032 -0.040 -0.032 -0.040 -0.040 -0.032 -0.040 -0.032 -0.032 -0.040 -0.032 -0.040 -0.040 -0.032 -0.040 -0.032 -0.032 -0.040 -0.032 -0.040 -0.040 -0.032 -0.040 -0.032 -0.032 -0.040 -0.032 -0.040 -0.040 -0.032 -0.040 -0.032
-0.026 -0.032 -0.026 -0.032 -0.032 -0.026 -0.032 -0.026 -0.026 -0.032 -0.026 -0.032 -0.032 -0.026 -0.032 -0.026 -0.026 -0.032 -0.026 0.389 -0.032 0.487 -0.018 1.000 -0.013 0.389 -0.026 -0.032 -0.032 -0.026 -0.032 -0.026 -0.026 -0.032 -0.026 -0.032 -0.032 -0.026 -0.032 -0.026 -0.026 -0.032 -0.026 -0.032 -0.032 -0.026 -0.032 -0.026 -0.026 -0.032 -0.026 -0.032 -0.032 -0.026 -0.032 -0.026 -0.026 -0.032 -0.026 -0.032 -0.032 -0.026 -0.032 -0.026 -0.026 -0.032 -0.026 -0.032 -0.032 -0.026 -0.032 -0.026 -0.026 -0.032 -0.026 -0.032 -0.032 -0.026 -0.032 -0.026
-0.026 -0.032 -0.026 -0.032 -0.032 -0.026 -0.032 -0.026 -0.026 -0.032 -0.026 -0.032 -0.032 -0.026 -0.032 -0.026 -0.026 -0.032 -0.026 -0.032 -0.032 -0.026 0.389 -0.013 1.000 -0.018 0.487 -0.032 0.389 -0.026 -0.032 -0.026 -0.026 -0.032 -0.026 -0.032 -0.032 -0.026 -0.032 -0.026 -0.026 -0.032 -0.026 -0.032 -0.032 -0.026 -0.032 -0.026 -0.026 -0.032 -0.026 -0.032 -0.032 -0.026 -0.032 -0.026 -0.026 -0.032 -0.026 -0.032 -0.032 -0.026 -0.032 -0.026 -0.026 -0.032 -0.026 -0.032 -0.032 -0.026 -0.032 -0.026 -0.026 -0.032 -0.026 -0.032 -0.032 -0.026 -0.032 -0.026
-0.032 -0.040 -0.032 -0.040 -0.040 -0.032 -0.040 -0.032 -0.032 -0.040 -0.032 -0.040 -0.040 -0.032 -0.040 -0.032 -0.032 -0.040 -0.032 -0.040 -0.040 -0.032 -0.040 0.389 -0.018 1.000 -0.018 0.653 -0.026 0.389 -0.040 -0.032 -0.032 -0.040 -0.032 -0.040 -0.040 -0.032 -0.040 -0.032 -0.032 -0.040 -0.032 -0.040 -0.040 -0.032 -0.040 -0.032 -0.032 -0.040 -0.032 -0.040 -0.040 -0.032 -0.040 -0.032 -0.032 -0.040 -0.032 -0.040 -0.040 -0.032 -0.040 -0.032 -0.032 -0.040 -0.032 -0.040 -0.040 -0.032 -0.040 -0.032 -0.032 -0.040 -0.032 -0.040 -0.040 -0.032 -0.040 -0.032
-0.026 -0.032 -0.026 -0.032 -0.032 -0.026 -0.032 -0.026 -0.026 -0.032 -0.026 -0.032 -0.032 -0.026 -0.032 -0.026 -0.026 -0.032 -0.026 -0.032 -0.032 -0.026 -0.032 -0.026 0.487 -0.018 1.000 -0.018 0.811 -0.026 0.389 -0.026 -0.026 -0.032 -0.026 -0.032 -0.032 -0.026 -0.032 -0.026 -0.026 -0.032 -0.026 -0.032 -0.032 -0.026 -0.032 -0.026 -0.026 -0.032 -0.026 -0.032 -0.032 -0.026 -0.032 -0.026 -0.026 -0.032 -0.026 -0.032 -0.032 -0.026 -0.032 -0.026 -0.026 -0.032 -0.026 -0.032 -0.032 -0.026 -0.032 -0.026 -0.026 -0.032 -0.026 -0.032 -0.032 -0.026 -0.032 -0.026
-0.032 -0.040 -0.032 -0.040 -0.040 -0.032 -0.040 -0.032 -0.032 -0.040 -0.032 -0.040 -0.040 -0.032 -0.040 -0.032 -0.032 -0.040 -0.032 -0.040 -0.040 -0.032 -0.040 -0.032 -0.032 0.653 -0.018 1.000 -0.026 0.811 -0.026 0.389 -0.032 -0.040 -0.032 -0.040 -0.040 -0.032 -0.040 -0.032 -0.032 -0.040 -0.032 -0.040 -0.040 -0.032 -0.040 -0.032 -0.032 -0.040 -0.032 -0.040 -0.040 -0.032 -0.040 -0.032 -0.032 -0.040 -0.032 -0.040 -0.040 -0.032 -0.040 -0.032 -0.032 -0.040 -0.032 -0.040 -0.040 -0.032 -0.040 -0.032 -0.032 -0.040 -0.032 -0.040 -0.040 -0.032 -0.040 -0.032
-0.032 -0.040 -0.032 -0.040 -0.040 -0.032 -0.040 -0.032 -0.032 -0.040 -0.032 -0.040 -0.040 -0.032 -0.040 -0.032 -0.032 -0.040 -0.032 -0.040 -0.040 -0.032 -0.040 -0.032 0.389 -0.026 0.811 -0.026 1.000 -0.018 0.653 -0.032 -0.032 -0.040 -0.032 -0.040 -0.040 -0.032 -0.040 -0.032 -0.032 -0.040 -0.032 -0.040 -0.040 -0.032 -0.040 -0.032 -0.032 -0.040 -0.032 -0.040 -0.040 -0.032 -0.040 -0.032 -0.032 -0.040 -0.032 -0.040 -0.040 -0.032 -0.040 -0.032 -0.032 -0.040 -0.032 -0.040 -0.040 -0.032 -0.040 -0.032 -0.032 -0.040 -0.032 -0.040 -0.040 -0.032 -0.040 -0.032
-0.026 -0.032 -0.026 -0.032 -0.032 -0.026 -0.032 -0.026 -0.026 -0.032 -0.026 -0.032 -0.032 -0.026 -0.032 -0.026 -0.026 -0.032 -0.026 -0.032 -0.032 -0.026 -0.032 -0.026 -0.026 0.389 -0.026 0.811 -0.018 1.000 -0.018 0.487 -0.026 -0.032 -0.026 -0.032 -0.032 -0.026 -0.032 -0.026 -0.026 -0.032 -0.026 -0.032 -0.032 -0.026 -0.032 -0.026 -0.026 -0.032 -0.026 -0.032 -0.032 -0.026 -0.032 -0.026 -0.026 -0.032 -0.026 -0.032 -0.032 -0.026 -0.032 -0.026 -0.026 -0.032 -0.026 -0.032 -0.032 -0.026 -0.032 -0.026 -0.026 -0.032 -0.026 -0.032 -0.032 -0.026 -0.032 -0.026
-0.032 -0.040 -0.032 -0.040 -0.040 -0.032 -0.040 -0.032 -0.032 -0.040 -0.032 -0.040 -0.040 -0.032 -0.040 -0.032 -0.032 -0.040 -0.032 -0.040 -0.040 -0.032 -0.040 -0.032 -0.032 -0.040 0.389 -0.026 0.653 -0.018 1.000 -0.018 0.389 -0.040 -0.032 -0.040 -0.040 -0.032 -0.040 -0.032 -0.032 -0.040 -0.032 -0.040 -0.040 -0.032 -0.040 -0.032 -0.032 -0.040 -0.032 -0.040 -0.040 -0.032 -0.040 -0.032 -0.032 -0.040 -0.032 -0.040 -0.040 -0.032 -0.040 -0.032 -0.032 -0.040 -0.032 -0.040 -0.040 -0.032 -0.040 -0.032 -0.032 -0.040 -0.032 -0.040 -0.040 -0.032 -0.040 -0.032
-0.026 -0.032 -0.026 -0.032 -0.032 -0.026 -0.032 -0.026 -0.026 -0.032 -0.026 -0.032 -0.032 -0.026 -0.032 -0.026 -0.026 -0.032 -0.026 -0.032 -0.032 -0.026 -0.032 -0.026 -0.026 -0.032 -0.026 0.389 -0.032 0.487 -0.018 1.000 -0.013 0.389 -0.026 -0.032 -0.032 -0.026 -0.032 -0.026 -0.026 -0.032 -0.026 -0.032 -0.032 -0.026 -0.032 -0.026 -0.026 -0.032 -0.026 -0.032 -0.032 -0.026 -0.032 -0.026 -0.026 -0.032 -0.026 -0.032 -0.032 -0.026 -0.032 -0.026 -0.026 -0.032 -0.026 -0.032 -0.032 -0.026 -0.032 -0.026 -0.026 -0.032 -0.026 -0.032 -0.032 -0.026 -0.032 -0.026
-0.026 -0.032 -0.026 -0.032 -0.032 -0.026 -0.032 -0.026 -0.026 -0.032 -0.026 -0.032 -0.032 -0.026 -0.032 -0.026 -0.026 -0.032 -0.026 -0.032 -0.032 -0.026 -0.032 -0.026 -0.026 -0.032 -0.026 -0.032 -0.032 -0.026 0.389 -0.013 1.000 -0.018 0.487 -0.032 0.389 -0.026 -0.032 -0.026 -0.026 -0.032 -0.026 -0.032 -0.032 -0.026 -0.032 -0.026 -0.026 -0.032 -0.026 -0.032 -0.032 -0.026 -0.032 -0.026 -0.026 -0.032 -0.026 -0.032 -0.032 -0.026 -0.032 -0.026 -0.026 -0.032 -0.026 -0.032 -0.032 -0.026 -0.032 -0.026 -0.026 -0.032 -0.026 -0.032 -0.032 -0.026 -0.032 -0.026
-0.032 -0.040 -0.032 -0.040 -0.040 -0.032 -0.040 -0.032 -0.032 -0.040 -0.032 -0.040 -0.040 -0.032 -0.040 -0.032 -0.032 -0.040 -0.032 -0.040 -0.040 -0.032 -0.040 -0.032 -0.032 -0.040 -0.032 -0.040 -0.040 -0.032 -0.040 0.389 -0.018 1.000 -0.018 0.653 -0.026 0.389 -0.040 -0.032 -0.032 -0.040 -0.032 -0.040 -0.040 -0.032 -0.040 -0.032 -0.032 -0.040 -0.032 -0.040 -0.040 -0.032 -0.040 -0.032 -0.032 -0.040 -0.032 -0.040 -0.040 -0.032 -0.040 -0.032 -0.032 -0.040 -0.032 -0.040 -0.040 -0.032 -0.040 -0.032 -0.032 -0.040 -0.032 -0.040 -0.040 -0.032 -0.040 -0.032
-0.026 -0.032 -0.026 -0.032 -0.032 -0.026 -0.032 -0.026 -0.026 -0.032 -0.026 -0.032 -0.032 -0.026 -0.032 -0.026 -0.026 -0.032 -0.026 -0.032 -0.032 -0.026 -0.032 -0.026 -0.026 -0.032 -0.026 -0.032 -0.032 -0.026 -0.032 -0.026 0.487 -0.018 1.000 -0.018 0.811 -0.026 0.389 -0.026 -0.026 -0.032 -0.026 -0.032 -0.032 -0.026 -0.032 -0.026 -0.026 -0.032 -0.026 -0.032 -0.032 -0.026 -0.032 -0.026 -0.026 -0.032 -0.026 -0.032 -0.032 -0.026 -0.032 -0.026 -0.026 -0.032 -0.026 -0.032 -0.032 -0.026 -0.032 -0.026 -0.026 -0.032 -0.026 -0.032 -0.032 -0.026 -0.032 -0.026
-0.032 -0.040 -0.032 -0.040 -0.040 -0.032 -0.040 -0.032 -0.032 -0.040 -0.032 -0.040 -0.040 -0.032 -0.040 -0.032 -0.032 -0.040 -0.032 -0.040 -0.040 -0.032 -0.040 -0.032 -0.032 -0.040 -0.032 -0.040 -0.040 -0.032 -0.040 -0.032 -0.032 0.653 -0.018 1.000 -0.026 0.811 -0.026 0.389 -0.032 -0.040 -0.032 -0.040 -0.040 -0.032 -0.040 -0.032 -0.032 -0.040 -0.032 -0.040 -0.040 -0.032 -0.040 -0.032 -0.032 -0.040 -0.032 -0.040 -0.040 -0.032 -0.040 -0.032 -0.032 -0.040 -0.032 -0.040 -0.040 -0.032 -0.040 -0.032 -0.032 -0.040 -0.032 -0.040 -0.040 -0.032 -0.040 -0.032
-0.032 -0.040 -0.032 -0.040 -0.040 -0.032 -0.040 -0.032 -0.032 -0.040 -0.032 -0.040 -0.040 -0.032 -0.040 -0.032 -0.032 -0.040 -0.032 -0.040 -0.040 -0.032 -0.040 -0.032 -0.032 -0.040 -0.032 -0.040 -0.040 -0.032 -0.040 -0.032 0.389 -0.026 0.811 -0.026 1.000 -0.018 0.653 -0.032 -0.032 -0.040 -0.032 -0.040 -0.040 -0.032 -0.040 -0.032 -0.032 -0.040 -0.032 -0.040 -0.040 -0.032 -0.040 -0.032 -0.032 -0.040 -0.032 -0.040 -0.040 -0.032 -0.040 -0.032 -0.032 -0.040 -0.032 -0.040 -0.040 -0.032 -0.040 -0.032 -0.032 -0.040 -0.032 -0.040 -0.040 -0.032 -0.040 -0.032
-0.026 -0.032 -0.026 -0.032 -0.032 -0.026 -0.032 -0.026 -0.026 -0.032 -0.026 -0.032 -0.032 -0.026 -0.032 -0.026 -0.026 -0.032 -0.026 -0.032 -0.032 -0.026 -0.032 -0.026 -0.026 -0.032 -0.026 -0.032 -0.032 -0.026 -0.032 -0.026 -0.026 0.389 -0.026 0.811 -0.018 1.000 -0.018 0.487 -0.026 -0.032 -0.026 -0.032 -0.032 -0.026 -0.032 -0.026 -0.026 -0.032 -0.026 -0.032 -0.032 -0.026 -0.032 -0.026 -0.026 -0.032 -0.026 -0.032 -0.032 -0.026 -0.032 -0.026 -0.026 -0.032 -0.026 -0.032 -0.032 -0.026 -0.032 -0.026 -0.026 -0.032 -0.026 -0.032 -0.032 -0.026 -0.032 -0.026
-0.032 -0.040 -0.032 -0.040 -0.040 -0.032 -0.040 -0.032 -0.032 -0.040 -0.032 -0.040 -0.040 -0.032 -0.040 -0.032 -0.032 -0.040 -0.032 -0.040 -0.040 -0.032 -0.040 -0.032 -0.032 -0.040 -0.032 -0.040 -0.040 -0.032 -0.040 -0.032 -0.032 -0.040 0.389 -0.026 0.653 -0.018 1.000 -0.018 0.389 -0.040 -0.032 -0.040 -0.040 -0.032 -0.040 -0.032 -0.032 -0.040 -0.032 -0.040 -0.040 -0.032 -0.040 -0.032 -0.032 -0.040 -0.032 -0.040 -0.040 -0.032 -0.040 -0.032 -0.032 -0.040 -0.032 -0.040 -0.040 -0.032 -0.040 -0.032 -0.032 -0.040 -0.032 -0.040 -0.040 -0.032 -0.040 -0.032
-0.026 -0.032 -0.026 -0.032 -0.032 -0.026 -0.032 -0.026 -0.026 -0.032 -0.026 -0.032 -0.032 -0.026 -0.032 -0.026 -0.026 -0.032 -0.026 -0.032 -0.032 -0.026 -0.032 -0.026 -0.026 -0.032 -0.026 -0.032 -0.032 -0.026 -0.032 -0.026 -0.026 -0.032 -0.026 0.389 -0.032 0.487 -0.018 1.000 -0.013 0.389 -0.026 -0.032 -0.032 -0.026 -0.032 -0.026 -0.026 -0.032 -0.026 -0.032 -0.032 -0.026 -0.032 -0.026 -0.026 -0.032 -0.026 -0.032 -0.032 -0.026 -0.032 -0.026 -0.026 -0.032 -0.026 -0.032 -0.032 -0.026 -0.032 -0.026 -0.026 -0.032 -0.026 -0.032 -0.032 -0.026 -0.032 -0.026
-0.026 -0.032 -0.026 -0.032 -0.032 -0.026 -0.032 -0.026 -0.026 -0.032 -0.026 -0.032 -0.032 -0.026 -0.032 -0.026 -0.026 -0.032 -0.026 -0.032 -0.032 -0.026 -0.032 -0.026 -0.026 -0.032 -0.026 -0.032 -0.032 -0.026 -0.032 -0.026 -0.026 -0.032 -0.026 -0.032 -0.032 -0.026 0.389 -0.013 1.000 -0.018 0.487 -0.032 0.389 -0.026 -0.032 -0.026 -0.026 -0.032 -0.026 -0.032 -0.032 -0.026 -0.032 -0.026 -0.026 -0.032 -0.026 -0.032 -0.032 -0.026 -0.032 -0.026 -0.026 -0.032 -0.026 -0.032 -0.032 -0.026 -0.032 -0.026 -0.026 -0.032 -0.026 -0.032 -0.032 -0.026 -0.032 -0.026
-0.032 -0.040 -0.032 -0.040 -0.040 -0.032 -0.040 -0.032 -0.032 -0.040 -0.032 -0.040 -0.040 -0.032 -0.040 -0.032 -0.032 -0.040 -0.032 -0.040 -0.040 -0.032 -0.040 -0.032 -0.032 -0.040 -0.032 -0.040 -0.040 -0.032 -0.040 -0.032 -0.032 -0.040 -0.032 -0.040 -0.040 -0.032 -0.040 0.389 -0.018 1.000 -0.018 0.653 -0.026 0.389 -0.040 -0.032 -0.032 -0.040 -0.032 -0.040 -0.040 -0.032 -0.040 -0.032 -0.032 -0.040 -0.032 -0.040 -0.040 -0.032 -0.040 -0.032 -0.032 -0.040 -0.032 -0.040 -0.040 -0.032 -0.040 -0.032 -0.032 -0.040 -0.032 -0.040 -0.040 -0.032 -0.040 -0.032
-0.026 -0.032 -0.026 -0.032 -0.032 -0.026 -0.032 -0.026 -0.026 -0.032 -0.026 -0.032 -0.032 -0.026 -0.032 -0.026 -0.026 -0.032 -0.026 -0.032 -0.032 -0.026 -0.032 -0.026 -0.026 -0.032 -0.026 -0.032 -0.032 -0.026 -0.032 -0.026 -0.026 -0.032 -0.026 -0.032 -0.032 -0.026 -0.032 -0.026 0.487 -0.018 1.000 -0.018 0.811 -0.026 0.389 -0.026 -0.026 -0.032 -0.026 -0.032 -0.032 -0.026 -0.032 -0.026 -0.026 -0.032 -0.026 -0.032 -0.032 -0.026 -0.032 -0.026 -0.026 -0.032 -0.026 -0.032 -0.032 -0.026 -0.032 -0.026 -0.026 -0.032 -0.026 -0.032 -0.032 -0.026 -0.032 -0.026
-0.032 -0.040 -0.032 -0.040 -0.040 -0.032 -0.040 -0.032 -0.032 -0.040 -0.032 -0.040 -0.040 -0.032 -0.040 -0.032 -0.032 -0.040 -0.032 -0.040 -0.040 -0.032 -0.040 -0.032 -0.032 -0.040 -0.032 -0.040 -0.040 -0.032 -0.040 -0.032 -0.032 -0.040 -0.032 -0.040 -0.040 -0.032 -0.040 -0.032 -0.032 0.653 -0.018 1.000 -0.026 0.811 -0.026 0.389 -0.032 -0.040 -0.032 -0.040 -0.040 -0.032 -0.040 -0.032 -0.032 -0.040 -0.032 -0.040 -0.040 -0.032 -0.040 -0.032 -0.032 -0.040 -0.032 -0.040 -0.040 -0.032 -0.040 -0.032 -0.032 -0.040 -0.032 -0.040 -0.040 -0.032 -0.040 -0.032
-0.032 -0.040 -0.032 -0.040 -0.040 -0.032 -0.040 -0.032 -0.032 -0.040 -0.032 -0.040 -0.040 -0.032 -0.040 -0.032 -0.032 -0.040 -0.032 -0.040 -0.040 -0.032 -0.040 -0.032 -0.032 -0.040 -0.032 -0.040 -0.040 -0.032 -0.040 -0.032 -0.032 -0.040 -0.032 -0.040 -0.040 -0.032 -0.040 -0.032 0.389 -0.026 0.811 -0.026 1.000 -0.018 0.653 -0.032 -0.032 -0.040 -0.032 -0.040 -0.040 -0.032 -0.040 -0.032 -0.032 -0.040 -0.032 -0.040 -0.040 -0.032 -0.040 -0.032 -0.032 -0.040 -0.032 -0.040 -0.040 -0.032 -0.040 -0.032 -0.032 -0.040 -0.032 -0.040 -0.040 -0.032 -0.040 -0.032
-0.026 -0.032 -0.026 -0.032 -0.032 -0.026 -0.032 -0.026 -0.026 -0.032 -0.026 -0.032 -0.032 -0.026 -0.032 -0.026 -0.026 -0.032 -0.026 -0.032 -0.032 -0.026 -0.032 -0.026 -0.026 -0.032 -0.026 -0.032 -0.032 -0.026 -0.032 -0.026 -0.026 -0.032 -0.026 -0.032 -0.032 -0.026 -0.032 -0.026 -0.026 0.389 -0.026 0.811 -0.018 1.000 -0.018 0.487 -0.026 -0.032 -0.026 -0.032 -0.032 -0.026 -0.032 -0.026 -0.026 -0.032 -0.026 -0.032 -0.032 -0.026 -0.032 -0.026 -0.026 -0.032 -0.026 -0.032 -0.032 -0.026 -0.032 -0.026 -0.026 -0.032 -0.026 -0.032 -0.032 -0.026 -0.032 -0.026
-0.032 -0.040 -0.032 -0.040 -0.040 -0.032 -0.040 -0.032 -0.032 -0.040 -0.032 -0.040 -0.040 -0.032 -0.040 -0.032 -0.032 -0.040 -0.032 -0.040 -0.040 -0.032 -0.040 -0.032 -0.032 -0.040 -0.032 -0.040 -0.040 -0.032 -0.040 -0.032 -0.032 -0.040 -0.032 -0.040 -0.040 -0.032 -0.040 -0.032 -0.032 -0.040 0.389 -0.026 0.653 -0.018 1.000 -0.018 0.389 -0.040 -0.032 -0.040 -0.040 -0.032 -0.040 -0.032 -0.032 -0.040 -0.032 -0.040 -0.040 -0.032 -0.040 -0.032 -0.032 -0.040 -0.032 -0.040 -0.040 -0.032 -0.040 -0.032 -0.032 -0.040 -0.032 -0.040 -0.040 -0.032 -0.040 -0.032
-0.026 -0.032 -0.026 -0.032 -0.032 -0.026 -0.032 -0.026 -0.026 -0.032 -0.026 -0.032 -0.032 -0.026 -0.032 -0.026 -0.026 -0.032 -0.026 -0.032 -0.032 -0.026 -0.032 -0.026 -0.026 -0.032 -0.026 -0.032 -0.032 -0.026 -0.032 -0.026 -0.026 -0.032 -0.026 -0.032 -0.032 -0.026 -0.032 -0.026 -0.026 -0.032 -0.026 0.389 -0.032 0.487 -0.018 1.000 -0.013 0.389 -0.026 -0.032 -0.032 -0.026 -0.032 -0.026 -0.026 -0.032 -0.026 -0.032 -0.032 -0.026 -0.032 -0.026 -0.026 -0.032 -0.026 -0.032 -0.032 -0.026 -0.032 -0.026 -0.026 -0.032 -0.026 -0.032 -0.032 -0.026 -0.032 -0.026
-0.026 -0.032 -0.026 -0.032 -0.032 -0.026 -0.032 -0.026 -0.026 -0.032 -0.026 -0.032 -0.032 -0.026 -0.032 -0.026 -0.026 -0.032 -0.026 -0.032 -0.032 -0.026 -0.032 -0.026 -0.026 -0.032 -0.026 -0.032 -0.032 -0.026 -0.032 -0.026 -0.026 -0.032 -0.026 -0.032 -0.032 -0.026 -0.032 -0.026 -0.026 -0.032 -0.026 -0.032 -0.032 -0.026 0.389 -0.013 1.000 -0.018 0.487 -0.032 0.389 -0.026 -0.032 -0.026 -0.026 -0.032 -0.026 -0.032 -0.032 -0.026 -0.032 -0.026 -0.026 -0.032 -0.026 -0.032 -0.032 -0.026 -0.032 -0.026 -0.026 -0.032 -0.026 -0.032 -0.032 -0.026 -0.032 -0.026
-0.032 -0.040 -0.032 -0.040 -0.040 -0.032 -0.040 -0.032 -0.032 -0.040 -0.032 -0.040 -0.040 -0.032 -0.040 -0.032 -0.032 -0.040 -0.032 -0.040 -0.040 -0.032 -0.040 -0.032 -0.032 -0.040 -0.032 -0.040 -0.040 -0.032 -0.040 -0.032 -0.032 -0.040 -0.032 -0.040 -0.040 -0.032 -0.040 -0.032 -0.032 -0.040 -0.032 -0.040 -0.040 -0.032 -0.040 0.389 -0.018 1.000 -0.018 0.653 -0.026 0.389 -0.040 -0.032 -0.032 -0.040 -0.032 -0.040 -0.040 -0.032 -0.040 -0.032 -0.032 -0.040 -0.032 -0.040 -0.040 -0.032 -0.040 -0.032 -0.032 -0.040 -0.032 -0.040 -0.040 -0.032 -0.040 -0.032
-0.026 -0.032 -0.026 -0.032 -0.032 -0.026 -0.032 -0.026 -0.026 -0.032 -0.026 -0.032 -0.032 -0.026 -0.032 -0.026 -0.026 -0.032 -0.026 -0.032 -0.032 -0.026 -0.032 -0.026 -0.026 -0.032 -0.026 -0.032 -0.032 -0.026 -0.032 -0.026 -0.026 -0.032 -0.026 -0.032 -0.032 -0.026 -0.032 -0.026 -0.026 -0.032 -0.026 -0.032 -0.032 -0.026 -0.032 -0.026 0.487 -0.018 1.000 -0.018 0.811 -0.026 0.389 -0.026 -0.026 -0.032 -0.026 -0.032 -0.032 -0.026 -0.032 -0.026 -0.026 -0.032 -0.026 -0.032 -0.032 -0.026 -0.032 -0.026 -0.026 -0.032 -0.026 -0.032 -0.032 -0.026 -0.032 -0.026
-0.032 -0.040 -0.032 -0.040 -0.040 -0.032 -0.040 -0.032 -0.032 -0.040 -0.032 -0.040 -0.040 -0.032 -0.040 -0.032 -0.032 -0.040 -0.032 -0.040 -0.040 -0.032 -0.040 -0.032 -0.032 -0.040 -0.032 -0.040 -0.040 -0.032 -0.040 -0.032 -0.032 -0.040 -0.032 -0.040 -0.040 -0.032 -0.040 -0.032 -0.032 -0.040 -0.032 -0.040 -0.040 -0.032 -0.040 -0.032 -0.032 0.653 -0.018 1.000 -0.026 0.811 -0.026 0.389 -0.032 -0.040 -0.032 -0.040 -0.040 -0.032 -0.040 -0.032 -0.032 -0.040 -0.032 -0.040 -0.040 -0.032 -0.040 -0.032 -0.032 -0.040 -0.032 -0.040 -0.040 -0.032 -0.040 -0.032
-0.032 -0.040 -0.032 -0.040 -0.040 -0.032 -0.040 -0.032 -0.032 -0.040 -0.032 -0.040 -0.040 -0.032 -0.040 -0.032 -0.032 -0.040 -0.032 -0.040 -0.040 -0.032 -0.040 -0.032 -0.032 -0.040 -0.032 -0.040 -0.040 -0.032 -0.040 -0.032 -0.032 -0.040 -0.032 -0.040 -0.040 -0.032 -0.040 -0.032 -0.032 -0.040 -0.032 -0.040 -0.040 -0.032 -0.040 -0.032 0.389 -0.026 0.811 -0.026 1.000 -0.018 0.653 -0.032 -0.032 -0.040 -0.032 -0.040 -0.040 -0.032 -0.040 -0.032 -0.032 -0.040 -0.032 -0.040 -0.040 -0.032 -0.040 -0.032 -0.032 -0.040 -0.032 -0.040 -0.040 -0.032 -0.040 -0.032
-0.026 -0.032 -0.026 -0.032 -0.032 -0.026 -0.032 -0.026 -0.026 -0.032 -0.026 -0.032 -0.032 -0.026 -0.032 -0.026 -0.026 -0.032 -0.026 -0.032 -0.032 -0.026 -0.032 -0.026 -0.026 -0.032 -0.026 -0.032 -0.032 -0.026 -0.032 -0.026 -0.026 -0.032 -0.026 -0.032 -0.032 -0.026 -0.032 -0.026 -0.026 -0.032 -0.026 -0.032 -0.032 -0.026 -0.032 -0.026 -0.026 0.389 -0.026 0.811 -0.018 1.000 -0.018 0.487 -0.026 -0.032 -0.026 -0.032 -0.032 -0.026 -0.032 -0.026 -0.026 -0.032 -0.026 -0.032 -0.032 -0.026 -0.032 -0.026 -0.026 -0.032 -0.026 -0.032 -0.032 -0.026 -0.032 -0.026
-0.032 -0.040 -0.032 -0.040 -0.040 -0.032 -0.040 -0.032 -0.032 -0.040 -0.032 -0.040 -0.040 -0.032 -0.040 -0.032 -0.032 -0.040 -0.032 -0.040 -0.040 -0.032 -0.040 -0.032 -0.032 -0.040 -0.032 -0.040 -0.040 -0.032 -0.040 -0.032 -0.032 -0.040 -0.032 -0.040 -0.040 -0.032 -0.040 -0.032 -0.032 -0.040 -0.032 -0.040 -0.040 -0.032 -0.040 -0.032 -0.032 -0.040 0.389 -0.026 0.653 -0.018 1.000 -0.018 0.389 -0.040 -0.032 -0.040 -0.040 -0.032 -0.040 -0.032 -0.032 -0.040 -0.032 -0.040 -0.040 -0.032 -0.040 -0.032 -0.032 -0.040 -0.032 -0.040 -0.040 -0.032 -0.040 -0.032
-0.026 -0.032 -0.026 -0.032 -0.032 -0.026 -0.032 -0.026 -0.026 -0.032 -0.026 -0.032 -0.032 -0.026 -0.032 -0.026 -0.026 -0.032 -0.026 -0.032 -0.032 -0.026 -0.032 -0.026 -0.026 -0.032 -0.026 -0.032 -0.032 -0.026 -0.032 -0.026 -0.026 -0.032 -0.026 -0.032 -0.032 -0.026 -0.032 -0.026 -0.026 -0.032 -0.026 -0.032 -0.032 -0.026 -0.032 -0.026 -0.026 -0.032 -0.026 0.389 -0.032 0.487 -0.018 1.000 -0.013 0.389 -0.026 -0.032 -0.032 -0.026 -0.032 -0.026 -0.026 -0.032 -0.026 -0.032 -0.032 -0.026 -0.032 -0.026 -0.026 -0.032 -0.026 -0.032 -0.032 -0.026 -0.032 -0.026
-0.026 -0.032 -0.026 -0.032 -0.032 -0.026 -0.032 -0.026 -0.026 -0.032 -0.026 -0.032 -0.032 -0.026 -0.032 -0.026 -0.026 -0.032 -0.026 -0.032 -0.032 -0.026 -0.032 -0.026 -0.026 -0.032 -0.026 -0.032 -0.032 -0.026 -0.032 -0.026 -0.026 -0.032 -0.026 -0.032 -0.032 -0.026 -0.032 -0.026 -0.026 -0.032 -0.026 -0.032 -0.032 -0.026 -0.032 -0.026 -0.026 -0.032 -0.026 -0.032 -0.032 -0.026 0.389 -0.013 1.000 -0.018 0.487 -0.032 0.389 -0.026 -0.032 -0.026 -0.026 -0.032 -0.026 -0.032 -0.032 -0.026 -0.032 -0.026 -0.026 -0.032 -0.026 -0.032 -0.032 -0.026 -0.032 -0.026
-0.032 -0.040 -0.032 -0.040 -0.040 -0.032 -0.040 -0.032 -0.032 -0.040 -0.032 -0.040 -0.040 -0.032 -0.040 -0.032 -0.032 -0.040 -0.032 -0.040 -0.040 -0.032 -0.040 -0.032 -0.032 -0.040 -0.032 -0.040 -0.040 -0.032 -0.040 -0.032 -0.032 -0.040 -0.032 -0.040 -0.040 -0.032 -0.040 -0.032 -0.032 -0.040 -0.032 -0.040 -0.040 -0.032 -0.040 -0.032 -0.032 -0.040 -0.032 -0.040 -0.040 -0.032 -0.040 0.389 -0.018 1.000 -0.018 0.653 -0.026 0.389 -0.040 -0.032 -0.032 -0.040 -0.032 -0.040 -0.040 -0.032 -0.040 -0.032 -0.032 -0.040 -0.032 -0.040 -0.040 -0.032 -0.040 -0.032
-0.026 -0.032 -0.026 -0.032 -0.032 -0.026 -0.032 -0.026 -0.026 -0.032 -0.026 -0.032 -0.032 -0.026 -0.032 -0.026 -0.026 -0.032 -0.026 -0.032 -0.032 -0.026 -0.032 -0.026 -0.026 -0.032 -0.026 -0.032 -0.032 -0.026 -0.032 -0.026 -0.026 -0.032 -0.026 -0.032 -0.032 -0.026 -0.032 -0.026 -0.026 -0.032 -0.026 -0.032 -0.032 -0.026 -0.032 -0.026 -0.026 -0.032 -0.026 -0.032 -0.032 -0.026 -0.032 -0.026 0.487 -0.018 1.000 -0.018 0.811 -0.026 0.389 -0.026 -0.026 -0.032 -0.026 -0.032 -0.032 -0.026 -0.032 -0.026 -0.026 -0.032 -0.026 -0.032 -0.032 -0.026 -0.032 -0.026
-0.032 -0.040 -0.032 -0.040 -0.040 -0.032 -0.040 -0.032 -0.032 -0.040 -0.032 -0.040 -0.040 -0.032 -0.040 -0.032 -0.032 -0.040 -0.032 -0.040 -0.040 -0.032 -0.040 -0.032 -0.032 -0.040 -0.032 -0.040 -0.040 -0.032 -0.040 -0.032 -0.032 -0.040 -0.032 -0.040 -0.040 -0.032 -0.040 -0.032 -0.032 -0.040 -0.032 -0.040 -0.040 -0.032 -0.040 -0.032 -0.032 -0.040 -0.032 -0.040 -0.040 -0.032 -0.040 -0.032 -0.032 0.653 -0.018 1.000 -0.026 0.811 -0.026 0.389 -0.032 -0.040 -0.032 -0.040 -0.040 -0.032 -0.040 -0.032 -0.032 -0.040 -0.032 -0.040 -0.040 -0.032 -0.040 -0.032
-0.032 -0.040 -0.032 -0.040 -0.040 -0.032 -0.040 -0.032 -0.032 -0.040 -0.032 -0.040 -0.040 -0.032 -0.040 -0.032 -0.032 -0.040 -0.032 -0.040 -0.040 -0.032 -0.040 -0.032 -0.032 -0.040 -0.032 -0.040 -0.040 -0.032 -0.040 -0.032 -0.032 -0.040 -0.032 -0.040 -0.040 -0.032 -0.040 -0.032 -0.032 -0.040 -0.032 -0.040 -0.040 -0.032 -0.040 -0.032 -0.032 -0.040 -0.032 -0.040 -0.040 -0.032 -0.040 -0.032 0.389 -0.026 0.811 -0.026 1.000 -0.018 0.653 -0.032 -0.032 -0.040 -0.032 -0.040 -0.040 -0.032 -0.040 -0.032 -0.032 -0.040 -0.032 -0.040 -0.040 -0.032 -0.040 -0.032
-0.026 -0.032 -0.026 -0.032 -0.032 -0.026 -0.032 -0.026 -0.026 -0.032 -0.026 -0.032 -0.032 -0.026 -0.032 -0.026 -0.026 -0.032 -0.026 -0.032 -0.032 -0.026 -0.032 -0.026 -0.026 -0.032 -0.026 -0.032 -0.032 -0.026 -0.032 -0.026 -0.026 -0.032 -0.026 -0.032 -0.032 -0.026 -0.032 -0.026 -0.026 -0.032 -0.026 -0.032 -0.032 -0.026 -0.032 -0.026 -0.026 -0.032 -0.026 -0.032 -0.032 -0.026 -0.032 -0.026 -0.026 0.389 -0.026 0.811 -0.018 1.000 -0.018 0.487 -0.026 -0.032 -0.026 -0.032 -0.032 -0.026 -0.032 -0.026 -0.026 -0.032 -0.026 -0.032 -0.032 -0.026 -0.032 -0.026
-0.032 -0.040 -0.032 -0.040 -0.040 -0.032 -0.040 -0.032 -0.032 -0.040 -0.032 -0.040 -0.040 -0.032 -0.040 -0.032 -0.032 -0.040 -0.032 -0.040 -0.040 -0.032 -0.040 -0.032 -0.032 -0.040 -0.032 -0.040 -0.040 -0.032 -0.040 -0.032 -0.032 -0.040 -0.032 -0.040 -0.040 -0.032 -0.040 -0.032 -0.032 -0.040 -0.032 -0.040 -0.040 -0.032 -0.040 -0.032 -0.032 -0.040 -0.032 -0.040 -0.040 -0.032 -0.040 -0.032 -0.032 -0.040 0.389 -0.026 0.653 -0.018 1.000 -0.018 0.389 -0.040 -0.032 -0.040 -0.040 -0.032 -0.040 -0.032 -0.032 -0.040 -0.032 -0.040 -0.040 -0.032 -0.040 -0.032
-0.026 -0.032 -0.026 -0.032 -0.032 -0.026 -0.032 -0.026 -0.026 -0.032 -0.026 -0.032 -0.032 -0.026 -0.032 -0.026 -0.026 -0.032 -0.026 -0.032 -0.032 -0.026 -0.032 -0.026 -0.026 -0.032 -0.026 -0.032 -0.032 -0.026 -0.032 -0.026 -0.026 -0.032 -0.026 -0.032 -0.032 -0.026 -0.032 -0.026 -0.026 -0.032 -0.026 -0.032 -0.032 -0.026 -0.032 -0.026 -0.026 -0.032 -0.026 -0.032 -0.032 -0.026 -0.032 -0.026 -0.026 -0.032 -0.026 0.389 -0.032 0.487 -0.018 1.000 -0.013 0.389 -0.026 -0.032 -0.032 -0.026 -0.032 -0.026 -0.026 -0.032 -0.026 -0.032 -0.032 -0.026 -0.032 -0.026
-0.026 -0.032 -0.026 -0.032 -0.032 -0.026 -0.032 -0.026 -0.026 -0.032 -0.026 -0.032 -0.032 -0.026 -0.032 -0.026 -0.026 -0.032 -0.026 -0.032 -0.032 -0.026 -0.032 -0.026 -0.026 -0.032 -0.026 -0.032 -0.032 -0.026 -0.032 -0.026 -0.026 -0.032 -0.026 -0.032 -0.032 -0.026 -0.032 -0.026 -0.026 -0.032 -0.026 -0.032 -0.032 -0.026 -0.032 -0.026 -0.026 -0.032 -0.026 -0.032 -0.032 -0.026 -0.032 -0.026 -0.026 -0.032 -0.026 -0.032 -0.032 -0.026 0.389 -0.013 1.000 -0.018 0.487 -0.032 0.389 -0.026 -0.032 -0.026 -0.026 -0.032 -0.026 -0.032 -0.032 -0.026 -0.032 -0.026
-0.032 -0.040 -0.032 -0.040 -0.040 -0.032 -0.040 -0.032 -0.032 -0.040 -0.032 -0.040 -0.040 -0.032 -0.040 -0.032 -0.032 -0.040 -0.032 -0.040 -0.040 -0.032 -0.040 -0.032 -0.032 -0.040 -0.032 -0.040 -0.040 -0.032 -0.040 -0.032 -0.032 -0.040 -0.032 -0.040 -0.040 -0.032 -0.040 -0.032 -0.032 -0.040 -0.032 -0.040 -0.040 -0.032 -0.040 -0.032 -0.032 -0.040 -0.032 -0.040 -0.040 -0.032 -0.040 -0.032 -0.032 -0.040 -0.032 -0.040 -0.040 -0.032 -0.040 0.389 -0.018 1.000 -0.018 0.653 -0.026 0.389 -0.040 -0.032 -0.032 -0.040 -0.032 -0.040 -0.040 -0.032 -0.040 -0.032
-0.026 -0.032 -0.026 -0.032 -0.032 -0.026 -0.032 -0.026 -0.026 -0.032 -0.026 -0.032 -0.032 -0.026 -0.032 -0.026 -0.026 -0.032 -0.026 -0.032 -0.032 -0.026 -0.032 -0.026 -0.026 -0.032 -0.026 -0.032 -0.032 -0.026 -0.032 -0.026 -0.026 -0.032 -0.026 -0.032 -0.032 -0.026 -0.032 -0.026 -0.026 -0.032 -0.026 -0.032 -0.032 -0.026 -0.032 -0.026 -0.026 -0.032 -0.026 -0.032 -0.032 -0.026 -0.032 -0.026 -0.026 -0.032 -0.026 -0.032 -0.032 -0.026 -0.032 -0.026 0.487 -0.018 1.000 -0.018 0.811 -0.026 0.389 -0.026 -0.026 -0.032 -0.026 -0.032 -0.032 -0.026 -0.032 -0.026
-0.032 -0.040 -0.032 -0.040 -0.040 -0.032 -0.040 -0.032 -0.032 -0.040 -0.032 -0.040 -0.040 -0.032 -0.040 -0.032 -0.032 -0.040 -0.032 -0.040 -0.040 -0.032 -0.040 -0.032 -0.032 -0.040 -0.032 -0.040 -0.040 -0.032 -0.040 -0.032 -0.032 -0.040 -0.032 -0.040 -0.040 -0.032 -0.040 -0.032 -0.032 -0.040 -0.032 -0.040 -0.040 -0.032 -0.040 -0.032 -0.032 -0.040 -0.032 -0.040 -0.040 -0.032 -0.040 -0.032 -0.032 -0.040 -0.032 -0.040 -0.040 -0.032 -0.040 -0.032 -0.032 0.653 -0.018 1.000 -0.026 0.811 -0.026 0.389 -0.032 -0.040 -0.032 -0.040 -0.040 -0.032 -0.040 -0.032
-0.032 -0.040 -0.032 -0.040 -0.040 -0.032 -0.040 -0.032 -0.032 -0.040 -0.032 -0.040 -0.040 -0.032 -0.040 -0.032 -0.032 -0.040 -0.032 -0.040 -0.040 -0.032 -0.040 -0.032 -0.032 -0.040 -0.032 -0.040 -0.040 -0.032 -0.040 -0.032 -0.032 -0.040 -0.032 -0.040 -0.040 -0.032 -0.040 -0.032 -0.032 -0.040 -0.032 -0.040 -0.040 -0.032 -0.040 -0.032 -0.032 -0.040 -0.032 -0.040 -0.040 -0.032 -0.040 -0.032 -0.032 -0.040 -0.032 -0.040 -0.040 -0.032 -0.040 -0.032 0.389 -0.026 0.811 -0.026 1.000 -0.018 0.653 -0.032 -0.032 -0.040 -0.032 -0.040 -0.040 -0.032 -0.040 -0.032
-0.026 -0.032 -0.026 -0.032 -0.032 -0.026 -0.032 -0.026 -0.026 -0.032 -0.026 -0.032 -0.032 -0.026 -0.032 -0.026 -0.026 -0.032 -0.026 -0.032 -0.032 -0.026 -0.032 -0.026 -0.026 -0.032 -0.026 -0.032 -0.032 -0.026 -0.032 -0.026 -0.026 -0.032 -0.026 -0.032 -0.032 -0.026 -0.032 -0.026 -0.026 -0.032 -0.026 -0.032 -0.032 -0.026 -0.032 -0.026 -0.026 -0.032 -0.026 -0.032 -0.032 -0.026 -0.032 -0.026 -0.026 -0.032 -0.026 -0.032 -0.032 -0.026 -0.032 -0.026 -0.026 0.389 -0.026 0.811 -0.018 1.000 -0.018 0.487 -0.026 -0.032 -0.026 -0.032 -0.032 -0.026 -0.032 -0.026
-0.032 -0.040 -0.032 -0.040 -0.040 -0.032 -0.040 -0.032 -0.032 -0.040 -0.032 -0.040 -0.040 -0.032 -0.040 -0.032 -0.032 -0.040 -0.032 -0.040 -0.040 -0.032 -0.040 -0.032 -0.032 -0.040 -0.032 -0.040 -0.040 -0.032 -0.040 -0.032 -0.032 -0.040 -0.032 -0.040 -0.040 -0.032 -0.040 -0.032 -0.032 -0.040 -0.032 -0.040 -0.040 -0.032 -0.040 -0.032 -0.032 -0.040 -0.032 -0.040 -0.040 -0.032 -0.040 -0.032 -0.032 -0.040 -0.032 -0.040 -0.040 -0.032 -0.040 -0.032 -0.032 -0.040 0.389 -0.026 0.653 -0.018 1.000 -0.018 0.389 -0.040 -0.032 -0.040 -0.040 -0.032 -0.040 -0.032
-0.026 -0.032 -0.026 -0.032 -0.032 -0.026 -0.032 -0.026 -0.026 -0.032 -0.026 -0.032 -0.032 -0.026 -0.032 -0.026 -0.026 -0.032 -0.026 -0.032 -0.032 -0.026 -0.032 -0.026 -0.026 -0.032 -0.026 -0.032 -0.032 -0.026 -0.032 -0.026 -0.026 -0.032 -0.026 -0.032 -0.032 -0.026 -0.032 -0.026 -0.026 -0.032 -0.026 -0.032 -0.032 -0.026 -0.032 -0.026 -0.026 -0.032 -0.026 -0.032 -0.032 -0.026 -0.032 -0.026 -0.026 -0.032 -0.026 -0.032 -0.032 -0.026 -0.032 -0.026 -0.026 -0.032 -0.026 0.389 -0.032 0.487 -0.018 1.000 -0.013 0.389 -0.026 -0.032 -0.032 -0.026 -0.032 -0.026
-0.026 -0.032 -0.026 -0.032 -0.032 -0.026 -0.032 -0.026 -0.026 -0.032 -0.026 -0.032 -0.032 -0.026 -0.032 -0.026 -0.026 -0.032 -0.026 -0.032 -0.032 -0.026 -0.032 -0.026 -0.026 -0.032 -0.026 -0.032 -0.032 -0.026 -0.032 -0.026 -0.026 -0.032 -0.026 -0.032 -0.032 -0.026 -0.032 -0.026 -0.026 -0.032 -0.026 -0.032 -0.032 -0.026 -0.032 -0.026 -0.026 -0.032 -0.026 -0.032 -0.032 -0.026 -0.032 -0.026 -0.026 -0.032 -0.026 -0.032 -0.032 -0.026 -0.032 -0.026 -0.026 -0.032 -0.026 -0.032 -0.032 -0.026 0.389 -0.013 1.000 -0.018 0.487 -0.032 0.389 -0.026 -0.032 -0.026
-0.032 -0.040 -0.032 -0.040 -0.040 -0.032 -0.040 -0.032 -0.032 -0.040 -0.032 -0.040 -0.040 -0.032 -0.040 -0.032 -0.032 -0.040 -0.032 -0.040 -0.040 -0.032 -0.040 -0.032 -0.032 -0.040 -0.032 -0.040 -0.040 -0.032 -0.040 -0.032 -0.032 -0.040 -0.032 -0.040 -0.040 -0.032 -0.040 -0.032 -0.032 -0.040 -0.032 -0.040 -0.040 -0.032 -0.040 -0.032 -0.032 -0.040 -0.032 -0.040 -0.040 -0.032 -0.040 -0.032 -0.032 -0.040 -0.032 -0.040 -0.040 -0.032 -0.040 -0.032 -0.032 -0.040 -0.032 -0.040 -0.040 -0.032 -0.040 0.389 -0.018 1.000 -0.018 0.653 -0.026 0.389 -0.040 -0.032
-0.026 -0.032 -0.026 -0.032 -0.032 -0.026 -0.032 -0.026 -0.026 -0.032 -0.026 -0.032 -0.032 -0.026 -0.032 -0.026 -0.026 -0.032 -0.026 -0.032 -0.032 -0.026 -0.032 -0.026 -0.026 -0.032 -0.026 -0.032 -0.032 -0.026 -0.032 -0.026 -0.026 -0.032 -0.026 -0.032 -0.032 -0.026 -0.032 -0.026 -0.026 -0.032 -0.026 -0.032 -0.032 -0.026 -0.032 -0.026 -0.026 -0.032 -0.026 -0.032 -0.032 -0.026 -0.032 -0.026 -0.026 -0.032 -0.026 -0.032 -0.032 -0.026 -0.032 -0.026 -0.026 -0.032 -0.026 -0.032 -0.032 -0.026 -0.032 -0.026 0.487 -0.018 1.000 -0.018 0.811 -0.026 0.389 -0.026
-0.032 -0.040 -0.032 -0.040 -0.040 -0.032 -0.040 -0.032 -0.032 -0.040 -0.032 -0.040 -0.040 -0.032 -0.040 -0.032 -0.032 -0.040 -0.032 -0.040 -0.040 -0.032 -0.040 -0.032 -0.032 -0.040 -0.032 -0.040 -0.040 -0.032 -0.040 -0.032 -0.032 -0.040 -0.032 -0.040 -0.040 -0.032 -0.040 -0.032 -0.032 -0.040 -0.032 -0.040 -0.040 -0.032 -0.040 -0.032 -0.032 -0.040 -0.032 -0.040 -0.040 -0.032 -0.040 -0.032 -0.032 -0.040 -0.032 -0.040 -0.040 -0.032 -0.040 -0.032 -0.032 -0.040 -0.032 -0.040 -0.040 -0.032 -0.040 -0.032 -0.032 0.653 -0.018 1.000 -0.026 0.811 -0.026 0.389
-0.032 -0.040 -0.032 -0.040 -0.040 -0.032 -0.040 -0.032 -0.032 -0.040 -0.032 -0.040 -0.040 -0.032 -0.040 -0.032 -0.032 -0.040 -0.032 -0.040 -0.040 -0.032 -0.040 -0.032 -0.032 -0.040 -0.032 -0.040 -0.040 -0.032 -0.040 -0.032 -0.032 -0.040 -0.032 -0.040 -0.040 -0.032 -0.040 -0.032 -0.032 -0.040 -0.032 -0.040 -0.040 -0.032 -0.040 -0.032 -0.032 -0.040 -0.032 -0.040 -0.040 -0.032 -0.040 -0.032 -0.032 -0.040 -0.032 -0.040 -0.040 -0.032 -0.040 -0.032 -0.032 -0.040 -0.032 -0.040 -0.040 -0.032 -0.040 -0.032 0.389 -0.026 0.811 -0.026 1.000 -0.018 0.653 -0.032
-0.026 -0.032 -0.026 -0.032 -0.032 -0.026 -0.032 -0.026 -0.026 -0.032 -0.026 -0.032 -0.032 -0.026 -0.032 -0.026 -0.026 -0.032 -0.026 -0.032 -0.032 -0.026 -0.032 -0.026 -0.026 -0.032 -0.026 -0.032 -0.032 -0.026 -0.032 -0.026 -0.026 -0.032 -0.026 -0.032 -0.032 -0.026 -0.032 -0.026 -0.026 -0.032 -0.026 -0.032 -0.032 -0.026 -0.032 -0.026 -0.026 -0.032 -0.026 -0.032 -0.032 -0.026 -0.032 -0.026 -0.026 -0.032 -0.026 -0.032 -0.032 -0.026 -0.032 -0.026 -0.026 -0.032 -0.026 -0.032 -0.032 -0.026 -0.032 -0.026 -0.026 0.389 -0.026 0.811 -0.018 1.000 -0.018 0.487
0.389 -0.040 -0.032 -0.040 -0.040 -0.032 -0.040 -0.032 -0.032 -0.040 -0.032 -0.040 -0.040 -0.032 -0.040 -0.032 -0.032 -0.040 -0.032 -0.040 -0.040 -0.032 -0.040 -0.032 -0.032 -0.040 -0.032 -0.040 -0.040 -0.032 -0.040 -0.032 -0.032 -0.040 -0.032 -0.040 -0.040 -0.032 -0.040 -0.032 -0.032 -0.040 -0.032 -0.040 -0.040 -0.032 -0.040 -0.032 -0.032 -0.040 -0.032 -0.040 -0.040 -0.032 -0.040 -0.032 -0.032 -0.040 -0.032 -0.040 -0.040 -0.032 -0.040 -0.032 -0.032 -0.040 -0.032 -0.040 -0.040 -0.032 -0.040 -0.032 -0.032 -0.040 0.389 -0.026 0.653 -0.018 1.000 -0.018
-0.013 0.389 -0.026 -0.032 -0.032 -0.026 -0.032 -0.026 -0.026 -0.032 -0.026 -0.032 -0.032 -0.026 -0.032 -0.026 -0.026 -0.032 -0.026 -0.032 -0.032 -0.026 -0.032 -0.026 -0.026 -0.032 -0.026 -0.032 -0.032 -0.026 -0.032 -0.026 -0.026 -0.032 -0.026 -0.032 -0.032 -0.026 -0.032 -0.026 -0.026 -0.032 -0.026 -0.032 -0.032 -0.026 -0.032 -0.026 -0.026 -0.032 -0.026 -0.032 -0.032 -0.026 -0.032 -0.026 -0.026 -0.032 -0.026 -0.032 -0.032 -0.026 -0.032 -0.026 -0.026 -0.032 -0.026 -0.032 -0.032 -0.026 -0.032 -0.026 -0.026 -0.032 -0.026 0.389 -0.032 0.487 -0.018 1.000
