0.000 59.962 13.701 60.456 60.456 13.701 59.962 0.000 0.000 59.962 13.701 60.456 60.456 13.701 59.962 0.000 0.000 59.962 13.701 60.456 60.456 13.701 59.962 0.000 0.000 59.962 13.701 60.456 60.456 13.701 59.962 0.000 0.000 59.962 13.701 60.456 60.456 13.701 59.962 0.000 0.000 59.962 13.701 60.456 60.456 13.701 59.962 0.000 0.000 59.962 13.701 60.456 60.456 13.701 59.962 0.000 0.000 59.962 13.701 60.456 60.456 13.701 59.962 0.000 0.000 59.962 13.701 60.456 60.456 13.701 59.962 0.000 0.000 59.962 13.701 60.456 60.456 13.701 59.962 0.000
59.962 0.000 59.386 7.711 7.711 59.386 0.000 59.962 59.962 0.000 59.386 7.711 7.711 59.386 0.000 59.962 59.962 0.000 59.386 7.711 7.711 59.386 0.000 59.962 59.962 0.000 59.386 7.711 7.711 59.386 0.000 59.962 59.962 0.000 59.386 7.711 7.711 59.386 0.000 59.962 59.962 0.000 59.386 7.711 7.711 59.386 0.000 59.962 59.962 0.000 59.386 7.711 7.711 59.386 0.000 59.962 59.962 0.000 59.386 7.711 7.711 59.386 0.000 59.962 59.962 0.000 59.386 7.711 7.711 59.386 0.000 59.962 59.962 0.000 59.386 7.711 7.711 59.386 0.000 59.962
13.701 59.386 0.000 58.883 58.883 0.000 59.386 13.701 13.701 59.386 0.000 58.883 58.883 0.000 59.386 13.701 13.701 59.386 0.000 58.883 58.883 0.000 59.386 13.701 13.701 59.386 0.000 58.883 58.883 0.000 59.386 13.701 13.701 59.386 0.000 58.883 58.883 0.000 59.386 13.701 13.701 59.386 0.000 58.883 58.883 0.000 59.386 13.701 13.701 59.386 0.000 58.883 58.883 0.000 59.386 13.701 13.701 59.386 0.000 58.883 58.883 0.000 59.386 13.701 13.701 59.386 0.000 58.883 58.883 0.000 59.386 13.701 13.701 59.386 0.000 58.883 58.883 0.000 59.386 13.701
60.456 7.711 58.883 0.000 0.000 58.883 7.711 60.456 60.456 7.711 58.883 0.000 0.000 58.883 7.711 60.456 60.456 7.711 58.883 0.000 0.000 58.883 7.711 60.456 60.456 7.711 58.883 0.000 0.000 58.883 7.711 60.456 60.456 7.711 58.883 0.000 0.000 58.883 7.711 60.456 60.456 7.711 58.883 0.000 0.000 58.883 7.711 60.456 60.456 7.711 58.883 0.000 0.000 58.883 7.711 60.456 60.456 7.711 58.883 0.000 0.000 58.883 7.711 60.456 60.456 7.711 58.883 0.000 0.000 58.883 7.711 60.456 60.456 7.711 58.883 0.000 0.000 58.883 7.711 60.456
60.456 7.711 58.883 0.000 0.000 58.883 7.711 60.456 60.456 7.711 58.883 0.000 0.000 58.883 7.711 60.456 60.456 7.711 58.883 0.000 0.000 58.883 7.711 60.456 60.456 7.711 58.883 0.000 0.000 58.883 7.711 60.456 60.456 7.711 58.883 0.000 0.000 58.883 7.711 60.456 60.456 7.711 58.883 0.000 0.000 58.883 7.711 60.456 60.456 7.711 58.883 0.000 0.000 58.883 7.711 60.456 60.456 7.711 58.883 0.000 0.000 58.883 7.711 60.456 60.456 7.711 58.883 0.000 0.000 58.883 7.711 60.456 60.456 7.711 58.883 0.000 0.000 58.883 7.711 60.456
13.701 59.386 0.000 58.883 58.883 0.000 59.386 13.701 13.701 59.386 0.000 58.883 58.883 0.000 59.386 13.701 13.701 59.386 0.000 58.883 58.883 0.000 59.386 13.701 13.701 59.386 0.000 58.883 58.883 0.000 59.386 13.701 13.701 59.386 0.000 58.883 58.883 0.000 59.386 13.701 13.701 59.386 0.000 58.883 58.883 0.000 59.386 13.701 13.701 59.386 0.000 58.883 58.883 0.000 59.386 13.701 13.701 59.386 0.000 58.883 58.883 0.000 59.386 13.701 13.701 59.386 0.000 58.883 58.883 0.000 59.386 13.701 13.701 59.386 0.000 58.883 58.883 0.000 59.386 13.701
59.962 0.000 59.386 7.711 7.711 59.386 0.000 59.962 59.962 0.000 59.386 7.711 7.711 59.386 0.000 59.962 59.962 0.000 59.386 7.711 7.711 59.386 0.000 59.962 59.962 0.000 59.386 7.711 7.711 59.386 0.000 59.962 59.962 0.000 59.386 7.711 7.711 59.386 0.000 59.962 59.962 0.000 59.386 7.711 7.711 59.386 0.000 59.962 59.962 0.000 59.386 7.711 7.711 59.386 0.000 59.962 59.962 0.000 59.386 7.711 7.711 59.386 0.000 59.962 59.962 0.000 59.386 7.711 7.711 59.386 0.000 59.962 59.962 0.000 59.386 7.711 7.711 59.386 0.000 59.962
0.000 59.962 13.701 60.456 60.456 13.701 59.962 0.000 0.000 59.962 13.701 60.456 60.456 13.701 59.962 0.000 0.000 59.962 13.701 60.456 60.456 13.701 59.962 0.000 0.000 59.962 13.701 60.456 60.456 13.701 59.962 0.000 0.000 59.962 13.701 60.456 60.456 13.701 59.962 0.000 0.000 59.962 13.701 60.456 60.456 13.701 59.962 0.000 0.000 59.962 13.701 60.456 60.456 13.701 59.962 0.000 0.000 59.962 13.701 60.456 60.456 13.701 59.962 0.000 0.000 59.962 13.701 60.456 60.456 13.701 59.962 0.000 0.000 59.962 13.701 60.456 60.456 13.701 59.962 0.000
0.000 59.962 13.701 60.456 60.456 13.701 59.962 0.000 0.000 59.962 13.701 60.456 60.456 13.701 59.962 0.000 0.000 59.962 13.701 60.456 60.456 13.701 59.962 0.000 0.000 59.962 13.701 60.456 60.456 13.701 59.962 0.000 0.000 59.962 13.701 60.456 60.456 13.701 59.962 0.000 0.000 59.962 13.701 60.456 60.456 13.701 59.962 0.000 0.000 59.962 13.701 60.456 60.456 13.701 59.962 0.000 0.000 59.962 13.701 60.456 60.456 13.701 59.962 0.000 0.000 59.962 13.701 60.456 60.456 13.701 59.962 0.000 0.000 59.962 13.701 60.456 60.456 13.701 59.962 0.000
59.962 0.000 59.386 7.711 7.711 59.386 0.000 59.962 59.962 0.000 59.386 7.711 7.711 59.386 0.000 59.962 59.962 0.000 59.386 7.711 7.711 59.386 0.000 59.962 59.962 0.000 59.386 7.711 7.711 59.386 0.000 59.962 59.962 0.000 59.386 7.711 7.711 59.386 0.000 59.962 59.962 0.000 59.386 7.711 7.711 59.386 0.000 59.962 59.962 0.000 59.386 7.711 7.711 59.386 0.000 59.962 59.962 0.000 59.386 7.711 7.711 59.386 0.000 59.962 59.962 0.000 59.386 7.711 7.711 59.386 0.000 59.962 59.962 0.000 59.386 7.711 7.711 59.386 0.000 59.962
13.701 59.386 0.000 58.883 58.883 0.000 59.386 13.701 13.701 59.386 0.000 58.883 58.883 0.000 59.386 13.701 13.701 59.386 0.000 58.883 58.883 0.000 59.386 13.701 13.701 59.386 0.000 58.883 58.883 0.000 59.386 13.701 13.701 59.386 0.000 58.883 58.883 0.000 59.386 13.701 13.701 59.386 0.000 58.883 58.883 0.000 59.386 13.701 13.701 59.386 0.000 58.883 58.883 0.000 59.386 13.701 13.701 59.386 0.000 58.883 58.883 0.000 59.386 13.701 13.701 59.386 0.000 58.883 58.883 0.000 59.386 13.701 13.701 59.386 0.000 58.883 58.883 0.000 59.386 13.701
60.456 7.711 58.883 0.000 0.000 58.883 7.711 60.456 60.456 7.711 58.883 0.000 0.000 58.883 7.711 60.456 60.456 7.711 58.883 0.000 0.000 58.883 7.711 60.456 60.456 7.711 58.883 0.000 0.000 58.883 7.711 60.456 60.456 7.711 58.883 0.000 0.000 58.883 7.711 60.456 60.456 7.711 58.883 0.000 0.000 58.883 7.711 60.456 60.456 7.711 58.883 0.000 0.000 58.883 7.711 60.456 60.456 7.711 58.883 0.000 0.000 58.883 7.711 60.456 60.456 7.711 58.883 0.000 0.000 58.883 7.711 60.456 60.456 7.711 58.883 0.000 0.000 58.883 7.711 60.456
60.456 7.711 58.883 0.000 0.000 58.883 7.711 60.456 60.456 7.711 58.883 0.000 0.000 58.883 7.711 60.456 60.456 7.711 58.883 0.000 0.000 58.883 7.711 60.456 60.456 7.711 58.883 0.000 0.000 58.883 7.711 60.456 60.456 7.711 58.883 0.000 0.000 58.883 7.711 60.456 60.456 7.711 58.883 0.000 0.000 58.883 7.711 60.456 60.456 7.711 58.883 0.000 0.000 58.883 7.711 60.456 60.456 7.711 58.883 0.000 0.000 58.883 7.711 60.456 60.456 7.711 58.883 0.000 0.000 58.883 7.711 60.456 60.456 7.711 58.883 0.000 0.000 58.883 7.711 60.456
13.701 59.386 0.000 58.883 58.883 0.000 59.386 13.701 13.701 59.386 0.000 58.883 58.883 0.000 59.386 13.701 13.701 59.386 0.000 58.883 58.883 0.000 59.386 13.701 13.701 59.386 0.000 58.883 58.883 0.000 59.386 13.701 13.701 59.386 0.000 58.883 58.883 0.000 59.386 13.701 13.701 59.386 0.000 58.883 58.883 0.000 59.386 13.701 13.701 59.386 0.000 58.883 58.883 0.000 59.386 13.701 13.701 59.386 0.000 58.883 58.883 0.000 59.386 13.701 13.701 59.386 0.000 58.883 58.883 0.000 59.386 13.701 13.701 59.386 0.000 58.883 58.883 0.000 59.386 13.701
59.962 0.000 59.386 7.711 7.711 59.386 0.000 59.962 59.962 0.000 59.386 7.711 7.711 59.386 0.000 59.962 59.962 0.000 59.386 7.711 7.711 59.386 0.000 59.962 59.962 0.000 59.386 7.711 7.711 59.386 0.000 59.962 59.962 0.000 59.386 7.711 7.711 59.386 0.000 59.962 59.962 0.000 59.386 7.711 7.711 59.386 0.000 59.962 59.962 0.000 59.386 7.711 7.711 59.386 0.000 59.962 59.962 0.000 59.386 7.711 7.711 59.386 0.000 59.962 59.962 0.000 59.386 7.711 7.711 59.386 0.000 59.962 59.962 0.000 59.386 7.711 7.711 59.386 0.000 59.962
0.000 59.962 13.701 60.456 60.456 13.701 59.962 0.000 0.000 59.962 13.701 60.456 60.456 13.701 59.962 0.000 0.000 59.962 13.701 60.456 60.456 13.701 59.962 0.000 0.000 59.962 13.701 60.456 60.456 13.701 59.962 0.000 0.000 59.962 13.701 60.456 60.456 13.701 59.962 0.000 0.000 59.962 13.701 60.456 60.456 13.701 59.962 0.000 0.000 59.962 13.701 60.456 60.456 13.701 59.962 0.000 0.000 59.962 13.701 60.456 60.456 13.701 59.962 0.000 0.000 59.962 13.701 60.456 60.456 13.701 59.962 0.000 0.000 59.962 13.701 60.456 60.456 13.701 59.962 0.000
0.000 59.962 13.701 60.456 60.456 13.701 59.962 0.000 0.000 59.962 13.701 60.456 60.456 13.701 59.962 0.000 0.000 59.962 13.701 60.456 60.456 13.701 59.962 0.000 0.000 59.962 13.701 60.456 60.456 13.701 59.962 0.000 0.000 59.962 13.701 60.456 60.456 13.701 59.962 0.000 0.000 59.962 13.701 60.456 60.456 13.701 59.962 0.000 0.000 59.962 13.701 60.456 60.456 13.701 59.962 0.000 0.000 59.962 13.701 60.456 60.456 13.701 59.962 0.000 0.000 59.962 13.701 60.456 60.456 13.701 59.962 0.000 0.000 59.962 13.701 60.456 60.456 13.701 59.962 0.000
59.962 0.000 59.386 7.711 7.711 59.386 0.000 59.962 59.962 0.000 59.386 7.711 7.711 59.386 0.000 59.962 59.962 0.000 59.386 7.711 7.711 59.386 0.000 59.962 59.962 0.000 59.386 7.711 7.711 59.386 0.000 59.962 59.962 0.000 59.386 7.711 7.711 59.386 0.000 59.962 59.962 0.000 59.386 7.711 7.711 59.386 0.000 59.962 59.962 0.000 59.386 7.711 7.711 59.386 0.000 59.962 59.962 0.000 59.386 7.711 7.711 59.386 0.000 59.962 59.962 0.000 59.386 7.711 7.711 59.386 0.000 59.962 59.962 0.000 59.386 7.711 7.711 59.386 0.000 59.962
13.701 59.386 0.000 58.883 58.883 0.000 59.386 13.701 13.701 59.386 0.000 58.883 58.883 0.000 59.386 13.701 13.701 59.386 0.000 58.883 58.883 0.000 59.386 13.701 13.701 59.386 0.000 58.883 58.883 0.000 59.386 13.701 13.701 59.386 0.000 58.883 58.883 0.000 59.386 13.701 13.701 59.386 0.000 58.883 58.883 0.000 59.386 13.701 13.701 59.386 0.000 58.883 58.883 0.000 59.386 13.701 13.701 59.386 0.000 58.883 58.883 0.000 59.386 13.701 13.701 59.386 0.000 58.883 58.883 0.000 59.386 13.701 13.701 59.386 0.000 58.883 58.883 0.000 59.386 13.701
60.456 7.711 58.883 0.000 0.000 58.883 7.711 60.456 60.456 7.711 58.883 0.000 0.000 58.883 7.711 60.456 60.456 7.711 58.883 0.000 0.000 58.883 7.711 60.456 60.456 7.711 58.883 0.000 0.000 58.883 7.711 60.456 60.456 7.711 58.883 0.000 0.000 58.883 7.711 60.456 60.456 7.711 58.883 0.000 0.000 58.883 7.711 60.456 60.456 7.711 58.883 0.000 0.000 58.883 7.711 60.456 60.456 7.711 58.883 0.000 0.000 58.883 7.711 60.456 60.456 7.711 58.883 0.000 0.000 58.883 7.711 60.456 60.456 7.711 58.883 0.000 0.000 58.883 7.711 60.456
60.456 7.711 58.883 0.000 0.000 58.883 7.711 60.456 60.456 7.711 58.883 0.000 0.000 58.883 7.711 60.456 60.456 7.711 58.883 0.000 0.000 58.883 7.711 60.456 60.456 7.711 58.883 0.000 0.000 58.883 7.711 60.456 60.456 7.711 58.883 0.000 0.000 58.883 7.711 60.456 60.456 7.711 58.883 0.000 0.000 58.883 7.711 60.456 60.456 7.711 58.883 0.000 0.000 58.883 7.711 60.456 60.456 7.711 58.883 0.000 0.000 58.883 7.711 60.456 60.456 7.711 58.883 0.000 0.000 58.883 7.711 60.456 60.456 7.711 58.883 0.000 0.000 58.883 7.711 60.456
13.701 59.386 0.000 58.883 58.883 0.000 59.386 13.701 13.701 59.386 0.000 58.883 58.883 0.000 59.386 13.701 13.701 59.386 0.000 58.883 58.883 0.000 59.386 13.701 13.701 59.386 0.000 58.883 58.883 0.000 59.386 13.701 13.701 59.386 0.000 58.883 58.883 0.000 59.386 13.701 13.701 59.386 0.000 58.883 58.883 0.000 59.386 13.701 13.701 59.386 0.000 58.883 58.883 0.000 59.386 13.701 13.701 59.386 0.000 58.883 58.883 0.000 59.386 13.701 13.701 59.386 0.000 58.883 58.883 0.000 59.386 13.701 13.701 59.386 0.000 58.883 58.883 0.000 59.386 13.701
59.962 0.000 59.386 7.711 7.711 59.386 0.000 59.962 59.962 0.000 59.386 7.711 7.711 59.386 0.000 59.962 59.962 0.000 59.386 7.711 7.711 59.386 0.000 59.962 59.962 0.000 59.386 7.711 7.711 59.386 0.000 59.962 59.962 0.000 59.386 7.711 7.711 59.386 0.000 59.962 59.962 0.000 59.386 7.711 7.711 59.386 0.000 59.962 59.962 0.000 59.386 7.711 7.711 59.386 0.000 59.962 59.962 0.000 59.386 7.711 7.711 59.386 0.000 59.962 59.962 0.000 59.386 7.711 7.711 59.386 0.000 59.962 59.962 0.000 59.386 7.711 7.711 59.386 0.000 59.962
0.000 59.962 13.701 60.456 60.456 13.701 59.962 0.000 0.000 59.962 13.701 60.456 60.456 13.701 59.962 0.000 0.000 59.962 13.701 60.456 60.456 13.701 59.962 0.000 0.000 59.962 13.701 60.456 60.456 13.701 59.962 0.000 0.000 59.962 13.701 60.456 60.456 13.701 59.962 0.000 0.000 59.962 13.701 60.456 60.456 13.701 59.962 0.000 0.000 59.962 13.701 60.456 60.456 13.701 59.962 0.000 0.000 59.962 13.701 60.456 60.456 13.701 59.962 0.000 0.000 59.962 13.701 60.456 60.456 13.701 59.962 0.000 0.000 59.962 13.701 60.456 60.456 13.701 59.962 0.000
0.000 59.962 13.701 60.456 60.456 13.701 59.962 0.000 0.000 59.962 13.701 60.456 60.456 13.701 59.962 0.000 0.000 59.962 13.701 60.456 60.456 13.701 59.962 0.000 0.000 59.962 13.701 60.456 60.456 13.701 59.962 0.000 0.000 59.962 13.701 60.456 60.456 13.701 59.962 0.000 0.000 59.962 13.701 60.456 60.456 13.701 59.962 0.000 0.000 59.962 13.701 60.456 60.456 13.701 59.962 0.000 0.000 59.962 13.701 60.456 60.456 13.701 59.962 0.000 0.000 59.962 13.701 60.456 60.456 13.701 59.962 0.000 0.000 59.962 13.701 60.456 60.456 13.701 59.962 0.000
59.962 0.000 59.386 7.711 7.711 59.386 0.000 59.962 59.962 0.000 59.386 7.711 7.711 59.386 0.000 59.962 59.962 0.000 59.386 7.711 7.711 59.386 0.000 59.962 59.962 0.000 59.386 7.711 7.711 59.386 0.000 59.962 59.962 0.000 59.386 7.711 7.711 59.386 0.000 59.962 59.962 0.000 59.386 7.711 7.711 59.386 0.000 59.962 59.962 0.000 59.386 7.711 7.711 59.386 0.000 59.962 59.962 0.000 59.386 7.711 7.711 59.386 0.000 59.962 59.962 0.000 59.386 7.711 7.711 59.386 0.000 59.962 59.962 0.000 59.386 7.711 7.711 59.386 0.000 59.962
13.701 59.386 0.000 58.883 58.883 0.000 59.386 13.701 13.701 59.386 0.000 58.883 58.883 0.000 59.386 13.701 13.701 59.386 0.000 58.883 58.883 0.000 59.386 13.701 13.701 59.386 0.000 58.883 58.883 0.000 59.386 13.701 13.701 59.386 0.000 58.883 58.883 0.000 59.386 13.701 13.701 59.386 0.000 58.883 58.883 0.000 59.386 13.701 13.701 59.386 0.000 58.883 58.883 0.000 59.386 13.701 13.701 59.386 0.000 58.883 58.883 0.000 59.386 13.701 13.701 59.386 0.000 58.883 58.883 0.000 59.386 13.701 13.701 59.386 0.000 58.883 58.883 0.000 59.386 13.701
60.456 7.711 58.883 0.000 0.000 58.883 7.711 60.456 60.456 7.711 58.883 0.000 0.000 58.883 7.711 60.456 60.456 7.711 58.883 0.000 0.000 58.883 7.711 60.456 60.456 7.711 58.883 0.000 0.000 58.883 7.711 60.456 60.456 7.711 58.883 0.000 0.000 58.883 7.711 60.456 60.456 7.711 58.883 0.000 0.000 58.883 7.711 60.456 60.456 7.711 58.883 0.000 0.000 58.883 7.711 60.456 60.456 7.711 58.883 0.000 0.000 58.883 7.711 60.456 60.456 7.711 58.883 0.000 0.000 58.883 7.711 60.456 60.456 7.711 58.883 0.000 0.000 58.883 7.711 60.456
60.456 7.711 58.883 0.000 0.000 58.883 7.711 60.456 60.456 7.711 58.883 0.000 0.000 58.883 7.711 60.456 60.456 7.711 58.883 0.000 0.000 58.883 7.711 60.456 60.456 7.711 58.883 0.000 0.000 58.883 7.711 60.456 60.456 7.711 58.883 0.000 0.000 58.883 7.711 60.456 60.456 7.711 58.883 0.000 0.000 58.883 7.711 60.456 60.456 7.711 58.883 0.000 0.000 58.883 7.711 60.456 60.456 7.711 58.883 0.000 0.000 58.883 7.711 60.456 60.456 7.711 58.883 0.000 0.000 58.883 7.711 60.456 60.456 7.711 58.883 0.000 0.000 58.883 7.711 60.456
13.701 59.386 0.000 58.883 58.883 0.000 59.386 13.701 13.701 59.386 0.000 58.883 58.883 0.000 59.386 13.701 13.701 59.386 0.000 58.883 58.883 0.000 59.386 13.701 13.701 59.386 0.000 58.883 58.883 0.000 59.386 13.701 13.701 59.386 0.000 58.883 58.883 0.000 59.386 13.701 13.701 59.386 0.000 58.883 58.883 0.000 59.386 13.701 13.701 59.386 0.000 58.883 58.883 0.000 59.386 13.701 13.701 59.386 0.000 58.883 58.883 0.000 59.386 13.701 13.701 59.386 0.000 58.883 58.883 0.000 59.386 13.701 13.701 59.386 0.000 58.883 58.883 0.000 59.386 13.701
59.962 0.000 59.386 7.711 7.711 59.386 0.000 59.962 59.962 0.000 59.386 7.711 7.711 59.386 0.000 59.962 59.962 0.000 59.386 7.711 7.711 59.386 0.000 59.962 59.962 0.000 59.386 7.711 7.711 59.386 0.000 59.962 59.962 0.000 59.386 7.711 7.711 59.386 0.000 59.962 59.962 0.000 59.386 7.711 7.711 59.386 0.000 59.962 59.962 0.000 59.386 7.711 7.711 59.386 0.000 59.962 59.962 0.000 59.386 7.711 7.711 59.386 0.000 59.962 59.962 0.000 59.386 7.711 7.711 59.386 0.000 59.962 59.962 0.000 59.386 7.711 7.711 59.386 0.000 59.962
0.000 59.962 13.701 60.456 60.456 13.701 59.962 0.000 0.000 59.962 13.701 60.456 60.456 13.701 59.962 0.000 0.000 59.962 13.701 60.456 60.456 13.701 59.962 0.000 0.000 59.962 13.701 60.456 60.456 13.701 59.962 0.000 0.000 59.962 13.701 60.456 60.456 13.701 59.962 0.000 0.000 59.962 13.701 60.456 60.456 13.701 59.962 0.000 0.000 59.962 13.701 60.456 60.456 13.701 59.962 0.000 0.000 59.962 13.701 60.456 60.456 13.701 59.962 0.000 0.000 59.962 13.701 60.456 60.456 13.701 59.962 0.000 0.000 59.962 13.701 60.456 60.456 13.701 59.962 0.000
0.000 59.962 13.701 60.456 60.456 13.701 59.962 0.000 0.000 59.962 13.701 60.456 60.456 13.701 59.962 0.000 0.000 59.962 13.701 60.456 60.456 13.701 59.962 0.000 0.000 59.962 13.701 60.456 60.456 13.701 59.962 0.000 0.000 59.962 13.701 60.456 60.456 13.701 59.962 0.000 0.000 59.962 13.701 60.456 60.456 13.701 59.962 0.000 0.000 59.962 13.701 60.456 60.456 13.701 59.962 0.000 0.000 59.962 13.701 60.456 60.456 13.701 59.962 0.000 0.000 59.962 13.701 60.456 60.456 13.701 59.962 0.000 0.000 59.962 13.701 60.456 60.456 13.701 59.962 0.000
59.962 0.000 59.386 7.711 7.711 59.386 0.000 59.962 59.962 0.000 59.386 7.711 7.711 59.386 0.000 59.962 59.962 0.000 59.386 7.711 7.711 59.386 0.000 59.962 59.962 0.000 59.386 7.711 7.711 59.386 0.000 59.962 59.962 0.000 59.386 7.711 7.711 59.386 0.000 59.962 59.962 0.000 59.386 7.711 7.711 59.386 0.000 59.962 59.962 0.000 59.386 7.711 7.711 59.386 0.000 59.962 59.962 0.000 59.386 7.711 7.711 59.386 0.000 59.962 59.962 0.000 59.386 7.711 7.711 59.386 0.000 59.962 59.962 0.000 59.386 7.711 7.711 59.386 0.000 59.962
13.701 59.386 0.000 58.883 58.883 0.000 59.386 13.701 13.701 59.386 0.000 58.883 58.883 0.000 59.386 13.701 13.701 59.386 0.000 58.883 58.883 0.000 59.386 13.701 13.701 59.386 0.000 58.883 58.883 0.000 59.386 13.701 13.701 59.386 0.000 58.883 58.883 0.000 59.386 13.701 13.701 59.386 0.000 58.883 58.883 0.000 59.386 13.701 13.701 59.386 0.000 58.883 58.883 0.000 59.386 13.701 13.701 59.386 0.000 58.883 58.883 0.000 59.386 13.701 13.701 59.386 0.000 58.883 58.883 0.000 59.386 13.701 13.701 59.386 0.000 58.883 58.883 0.000 59.386 13.701
60.456 7.711 58.883 0.000 0.000 58.883 7.711 60.456 60.456 7.711 58.883 0.000 0.000 58.883 7.711 60.456 60.456 7.711 58.883 0.000 0.000 58.883 7.711 60.456 60.456 7.711 58.883 0.000 0.000 58.883 7.711 60.456 60.456 7.711 58.883 0.000 0.000 58.883 7.711 60.456 60.456 7.711 58.883 0.000 0.000 58.883 7.711 60.456 60.456 7.711 58.883 0.000 0.000 58.883 7.711 60.456 60.456 7.711 58.883 0.000 0.000 58.883 7.711 60.456 60.456 7.711 58.883 0.000 0.000 58.883 7.711 60.456 60.456 7.711 58.883 0.000 0.000 58.883 7.711 60.456
60.456 7.711 58.883 0.000 0.000 58.883 7.711 60.456 60.456 7.711 58.883 0.000 0.000 58.883 7.711 60.456 60.456 7.711 58.883 0.000 0.000 58.883 7.711 60.456 60.456 7.711 58.883 0.000 0.000 58.883 7.711 60.456 60.456 7.711 58.883 0.000 0.000 58.883 7.711 60.456 60.456 7.711 58.883 0.000 0.000 58.883 7.711 60.456 60.456 7.711 58.883 0.000 0.000 58.883 7.711 60.456 60.456 7.711 58.883 0.000 0.000 58.883 7.711 60.456 60.456 7.711 58.883 0.000 0.000 58.883 7.711 60.456 60.456 7.711 58.883 0.000 0.000 58.883 7.711 60.456
13.701 59.386 0.000 58.883 58.883 0.000 59.386 13.701 13.701 59.386 0.000 58.883 58.883 0.000 59.386 13.701 13.701 59.386 0.000 58.883 58.883 0.000 59.386 13.701 13.701 59.386 0.000 58.883 58.883 0.000 59.386 13.701 13.701 59.386 0.000 58.883 58.883 0.000 59.386 13.701 13.701 59.386 0.000 58.883 58.883 0.000 59.386 13.701 13.701 59.386 0.000 58.883 58.883 0.000 59.386 13.701 13.701 59.386 0.000 58.883 58.883 0.000 59.386 13.701 13.701 59.386 0.000 58.883 58.883 0.000 59.386 13.701 13.701 59.386 0.000 58.883 58.883 0.000 59.386 13.701
59.962 0.000 59.386 7.711 7.711 59.386 0.000 59.962 59.962 0.000 59.386 7.711 7.711 59.386 0.000 59.962 59.962 0.000 59.386 7.711 7.711 59.386 0.000 59.962 59.962 0.000 59.386 7.711 7.711 59.386 0.000 59.962 59.962 0.000 59.386 7.711 7.711 59.386 0.000 59.962 59.962 0.000 59.386 7.711 7.711 59.386 0.000 59.962 59.962 0.000 59.386 7.711 7.711 59.386 0.000 59.962 59.962 0.000 59.386 7.711 7.711 59.386 0.000 59.962 59.962 0.000 59.386 7.711 7.711 59.386 0.000 59.962 59.962 0.000 59.386 7.711 7.711 59.386 0.000 59.962
0.000 59.962 13.701 60.456 60.456 13.701 59.962 0.000 0.000 59.962 13.701 60.456 60.456 13.701 59.962 0.000 0.000 59.962 13.701 60.456 60.456 13.701 59.962 0.000 0.000 59.962 13.701 60.456 60.456 13.701 59.962 0.000 0.000 59.962 13.701 60.456 60.456 13.701 59.962 0.000 0.000 59.962 13.701 60.456 60.456 13.701 59.962 0.000 0.000 59.962 13.701 60.456 60.456 13.701 59.962 0.000 0.000 59.962 13.701 60.456 60.456 13.701 59.962 0.000 0.000 59.962 13.701 60.456 60.456 13.701 59.962 0.000 0.000 59.962 13.701 60.456 60.456 13.701 59.962 0.000
0.000 59.962 13.701 60.456 60.456 13.701 59.962 0.000 0.000 59.962 13.701 60.456 60.456 13.701 59.962 0.000 0.000 59.962 13.701 60.456 60.456 13.701 59.962 0.000 0.000 59.962 13.701 60.456 60.456 13.701 59.962 0.000 0.000 59.962 13.701 60.456 60.456 13.701 59.962 0.000 0.000 59.962 13.701 60.456 60.456 13.701 59.962 0.000 0.000 59.962 13.701 60.456 60.456 13.701 59.962 0.000 0.000 59.962 13.701 60.456 60.456 13.701 59.962 0.000 0.000 59.962 13.701 60.456 60.456 13.701 59.962 0.000 0.000 59.962 13.701 60.456 60.456 13.701 59.962 0.000
59.962 0.000 59.386 7.711 7.711 59.386 0.000 59.962 59.962 0.000 59.386 7.711 7.711 59.386 0.000 59.962 59.962 0.000 59.386 7.711 7.711 59.386 0.000 59.962 59.962 0.000 59.386 7.711 7.711 59.386 0.000 59.962 59.962 0.000 59.386 7.711 7.711 59.386 0.000 59.962 59.962 0.000 59.386 7.711 7.711 59.386 0.000 59.962 59.962 0.000 59.386 7.711 7.711 59.386 0.000 59.962 59.962 0.000 59.386 7.711 7.711 59.386 0.000 59.962 59.962 0.000 59.386 7.711 7.711 59.386 0.000 59.962 59.962 0.000 59.386 7.711 7.711 59.386 0.000 59.962
13.701 59.386 0.000 58.883 58.883 0.000 59.386 13.701 13.701 59.386 0.000 58.883 58.883 0.000 59.386 13.701 13.701 59.386 0.000 58.883 58.883 0.000 59.386 13.701 13.701 59.386 0.000 58.883 58.883 0.000 59.386 13.701 13.701 59.386 0.000 58.883 58.883 0.000 59.386 13.701 13.701 59.386 0.000 58.883 58.883 0.000 59.386 13.701 13.701 59.386 0.000 58.883 58.883 0.000 59.386 13.701 13.701 59.386 0.000 58.883 58.883 0.000 59.386 13.701 13.701 59.386 0.000 58.883 58.883 0.000 59.386 13.701 13.701 59.386 0.000 58.883 58.883 0.000 59.386 13.701
60.456 7.711 58.883 0.000 0.000 58.883 7.711 60.456 60.456 7.711 58.883 0.000 0.000 58.883 7.711 60.456 60.456 7.711 58.883 0.000 0.000 58.883 7.711 60.456 60.456 7.711 58.883 0.000 0.000 58.883 7.711 60.456 60.456 7.711 58.883 0.000 0.000 58.883 7.711 60.456 60.456 7.711 58.883 0.000 0.000 58.883 7.711 60.456 60.456 7.711 58.883 0.000 0.000 58.883 7.711 60.456 60.456 7.711 58.883 0.000 0.000 58.883 7.711 60.456 60.456 7.711 58.883 0.000 0.000 58.883 7.711 60.456 60.456 7.711 58.883 0.000 0.000 58.883 7.711 60.456
60.456 7.711 58.883 0.000 0.000 58.883 7.711 60.456 60.456 7.711 58.883 0.000 0.000 58.883 7.711 60.456 60.456 7.711 58.883 0.000 0.000 58.883 7.711 60.456 60.456 7.711 58.883 0.000 0.000 58.883 7.711 60.456 60.456 7.711 58.883 0.000 0.000 58.883 7.711 60.456 60.456 7.711 58.883 0.000 0.000 58.883 7.711 60.456 60.456 7.711 58.883 0.000 0.000 58.883 7.711 60.456 60.456 7.711 58.883 0.000 0.000 58.883 7.711 60.456 60.456 7.711 58.883 0.000 0.000 58.883 7.711 60.456 60.456 7.711 58.883 0.000 0.000 58.883 7.711 60.456
13.701 59.386 0.000 58.883 58.883 0.000 59.386 13.701 13.701 59.386 0.000 58.883 58.883 0.000 59.386 13.701 13.701 59.386 0.000 58.883 58.883 0.000 59.386 13.701 13.701 59.386 0.000 58.883 58.883 0.000 59.386 13.701 13.701 59.386 0.000 58.883 58.883 0.000 59.386 13.701 13.701 59.386 0.000 58.883 58.883 0.000 59.386 13.701 13.701 59.386 0.000 58.883 58.883 0.000 59.386 13.701 13.701 59.386 0.000 58.883 58.883 0.000 59.386 13.701 13.701 59.386 0.000 58.883 58.883 0.000 59.386 13.701 13.701 59.386 0.000 58.883 58.883 0.000 59.386 13.701
59.962 0.000 59.386 7.711 7.711 59.386 0.000 59.962 59.962 0.000 59.386 7.711 7.711 59.386 0.000 59.962 59.962 0.000 59.386 7.711 7.711 59.386 0.000 59.962 59.962 0.000 59.386 7.711 7.711 59.386 0.000 59.962 59.962 0.000 59.386 7.711 7.711 59.386 0.000 59.962 59.962 0.000 59.386 7.711 7.711 59.386 0.000 59.962 59.962 0.000 59.386 7.711 7.711 59.386 0.000 59.962 59.962 0.000 59.386 7.711 7.711 59.386 0.000 59.962 59.962 0.000 59.386 7.711 7.711 59.386 0.000 59.962 59.962 0.000 59.386 7.711 7.711 59.386 0.000 59.962
0.000 59.962 13.701 60.456 60.456 13.701 59.962 0.000 0.000 59.962 13.701 60.456 60.456 13.701 59.962 0.000 0.000 59.962 13.701 60.456 60.456 13.701 59.962 0.000 0.000 59.962 13.701 60.456 60.456 13.701 59.962 0.000 0.000 59.962 13.701 60.456 60.456 13.701 59.962 0.000 0.000 59.962 13.701 60.456 60.456 13.701 59.962 0.000 0.000 59.962 13.701 60.456 60.456 13.701 59.962 0.000 0.000 59.962 13.701 60.456 60.456 13.701 59.962 0.000 0.000 59.962 13.701 60.456 60.456 13.701 59.962 0.000 0.000 59.962 13.701 60.456 60.456 13.701 59.962 0.000
0.000 59.962 13.701 60.456 60.456 13.701 59.962 0.000 0.000 59.962 13.701 60.456 60.456 13.701 59.962 0.000 0.000 59.962 13.701 60.456 60.456 13.701 59.962 0.000 0.000 59.962 13.701 60.456 60.456 13.701 59.962 0.000 0.000 59.962 13.701 60.456 60.456 13.701 59.962 0.000 0.000 59.962 13.701 60.456 60.456 13.701 59.962 0.000 0.000 59.962 13.701 60.456 60.456 13.701 59.962 0.000 0.000 59.962 13.701 60.456 60.456 13.701 59.962 0.000 0.000 59.962 13.701 60.456 60.456 13.701 59.962 0.000 0.000 59.962 13.701 60.456 60.456 13.701 59.962 0.000
59.962 0.000 59.386 7.711 7.711 59.386 0.000 59.962 59.962 0.000 59.386 7.711 7.711 59.386 0.000 59.962 59.962 0.000 59.386 7.711 7.711 59.386 0.000 59.962 59.962 0.000 59.386 7.711 7.711 59.386 0.000 59.962 59.962 0.000 59.386 7.711 7.711 59.386 0.000 59.962 59.962 0.000 59.386 7.711 7.711 59.386 0.000 59.962 59.962 0.000 59.386 7.711 7.711 59.386 0.000 59.962 59.962 0.000 59.386 7.711 7.711 59.386 0.000 59.962 59.962 0.000 59.386 7.711 7.711 59.386 0.000 59.962 59.962 0.000 59.386 7.711 7.711 59.386 0.000 59.962
13.701 59.386 0.000 58.883 58.883 0.000 59.386 13.701 13.701 59.386 0.000 58.883 58.883 0.000 59.386 13.701 13.701 59.386 0.000 58.883 58.883 0.000 59.386 13.701 13.701 59.386 0.000 58.883 58.883 0.000 59.386 13.701 13.701 59.386 0.000 58.883 58.883 0.000 59.386 13.701 13.701 59.386 0.000 58.883 58.883 0.000 59.386 13.701 13.701 59.386 0.000 58.883 58.883 0.000 59.386 13.701 13.701 59.386 0.000 58.883 58.883 0.000 59.386 13.701 13.701 59.386 0.000 58.883 58.883 0.000 59.386 13.701 13.701 59.386 0.000 58.883 58.883 0.000 59.386 13.701
60.456 7.711 58.883 0.000 0.000 58.883 7.711 60.456 60.456 7.711 58.883 0.000 0.000 58.883 7.711 60.456 60.456 7.711 58.883 0.000 0.000 58.883 7.711 60.456 60.456 7.711 58.883 0.000 0.000 58.883 7.711 60.456 60.456 7.711 58.883 0.000 0.000 58.883 7.711 60.456 60.456 7.711 58.883 0.000 0.000 58.883 7.711 60.456 60.456 7.711 58.883 0.000 0.000 58.883 7.711 60.456 60.456 7.711 58.883 0.000 0.000 58.883 7.711 60.456 60.456 7.711 58.883 0.000 0.000 58.883 7.711 60.456 60.456 7.711 58.883 0.000 0.000 58.883 7.711 60.456
60.456 7.711 58.883 0.000 0.000 58.883 7.711 60.456 60.456 7.711 58.883 0.000 0.000 58.883 7.711 60.456 60.456 7.711 58.883 0.000 0.000 58.883 7.711 60.456 60.456 7.711 58.883 0.000 0.000 58.883 7.711 60.456 60.456 7.711 58.883 0.000 0.000 58.883 7.711 60.456 60.456 7.711 58.883 0.000 0.000 58.883 7.711 60.456 60.456 7.711 58.883 0.000 0.000 58.883 7.711 60.456 60.456 7.711 58.883 0.000 0.000 58.883 7.711 60.456 60.456 7.711 58.883 0.000 0.000 58.883 7.711 60.456 60.456 7.711 58.883 0.000 0.000 58.883 7.711 60.456
13.701 59.386 0.000 58.883 58.883 0.000 59.386 13.701 13.701 59.386 0.000 58.883 58.883 0.000 59.386 13.701 13.701 59.386 0.000 58.883 58.883 0.000 59.386 13.701 13.701 59.386 0.000 58.883 58.883 0.000 59.386 13.701 13.701 59.386 0.000 58.883 58.883 0.000 59.386 13.701 13.701 59.386 0.000 58.883 58.883 0.000 59.386 13.701 13.701 59.386 0.000 58.883 58.883 0.000 59.386 13.701 13.701 59.386 0.000 58.883 58.883 0.000 59.386 13.701 13.701 59.386 0.000 58.883 58.883 0.000 59.386 13.701 13.701 59.386 0.000 58.883 58.883 0.000 59.386 13.701
59.962 0.000 59.386 7.711 7.711 59.386 0.000 59.962 59.962 0.000 59.386 7.711 7.711 59.386 0.000 59.962 59.962 0.000 59.386 7.711 7.711 59.386 0.000 59.962 59.962 0.000 59.386 7.711 7.711 59.386 0.000 59.962 59.962 0.000 59.386 7.711 7.711 59.386 0.000 59.962 59.962 0.000 59.386 7.711 7.711 59.386 0.000 59.962 59.962 0.000 59.386 7.711 7.711 59.386 0.000 59.962 59.962 0.000 59.386 7.711 7.711 59.386 0.000 59.962 59.962 0.000 59.386 7.711 7.711 59.386 0.000 59.962 59.962 0.000 59.386 7.711 7.711 59.386 0.000 59.962
0.000 59.962 13.701 60.456 60.456 13.701 59.962 0.000 0.000 59.962 13.701 60.456 60.456 13.701 59.962 0.000 0.000 59.962 13.701 60.456 60.456 13.701 59.962 0.000 0.000 59.962 13.701 60.456 60.456 13.701 59.962 0.000 0.000 59.962 13.701 60.456 60.456 13.701 59.962 0.000 0.000 59.962 13.701 60.456 60.456 13.701 59.962 0.000 0.000 59.962 13.701 60.456 60.456 13.701 59.962 0.000 0.000 59.962 13.701 60.456 60.456 13.701 59.962 0.000 0.000 59.962 13.701 60.456 60.456 13.701 59.962 0.000 0.000 59.962 13.701 60.456 60.456 13.701 59.962 0.000
0.000 59.962 13.701 60.456 60.456 13.701 59.962 0.000 0.000 59.962 13.701 60.456 60.456 13.701 59.962 0.000 0.000 59.962 13.701 60.456 60.456 13.701 59.962 0.000 0.000 59.962 13.701 60.456 60.456 13.701 59.962 0.000 0.000 59.962 13.701 60.456 60.456 13.701 59.962 0.000 0.000 59.962 13.701 60.456 60.456 13.701 59.962 0.000 0.000 59.962 13.701 60.456 60.456 13.701 59.962 0.000 0.000 59.962 13.701 60.456 60.456 13.701 59.962 0.000 0.000 59.962 13.701 60.456 60.456 13.701 59.962 0.000 0.000 59.962 13.701 60.456 60.456 13.701 59.962 0.000
59.962 0.000 59.386 7.711 7.711 59.386 0.000 59.962 59.962 0.000 59.386 7.711 7.711 59.386 0.000 59.962 59.962 0.000 59.386 7.711 7.711 59.386 0.000 59.962 59.962 0.000 59.386 7.711 7.711 59.386 0.000 59.962 59.962 0.000 59.386 7.711 7.711 59.386 0.000 59.962 59.962 0.000 59.386 7.711 7.711 59.386 0.000 59.962 59.962 0.000 59.386 7.711 7.711 59.386 0.000 59.962 59.962 0.000 59.386 7.711 7.711 59.386 0.000 59.962 59.962 0.000 59.386 7.711 7.711 59.386 0.000 59.962 59.962 0.000 59.386 7.711 7.711 59.386 0.000 59.962
13.701 59.386 0.000 58.883 58.883 0.000 59.386 13.701 13.701 59.386 0.000 58.883 58.883 0.000 59.386 13.701 13.701 59.386 0.000 58.883 58.883 0.000 59.386 13.701 13.701 59.386 0.000 58.883 58.883 0.000 59.386 13.701 13.701 59.386 0.000 58.883 58.883 0.000 59.386 13.701 13.701 59.386 0.000 58.883 58.883 0.000 59.386 13.701 13.701 59.386 0.000 58.883 58.883 0.000 59.386 13.701 13.701 59.386 0.000 58.883 58.883 0.000 59.386 13.701 13.701 59.386 0.000 58.883 58.883 0.000 59.386 13.701 13.701 59.386 0.000 58.883 58.883 0.000 59.386 13.701
60.456 7.711 58.883 0.000 0.000 58.883 7.711 60.456 60.456 7.711 58.883 0.000 0.000 58.883 7.711 60.456 60.456 7.711 58.883 0.000 0.000 58.883 7.711 60.456 60.456 7.711 58.883 0.000 0.000 58.883 7.711 60.456 60.456 7.711 58.883 0.000 0.000 58.883 7.711 60.456 60.456 7.711 58.883 0.000 0.000 58.883 7.711 60.456 60.456 7.711 58.883 0.000 0.000 58.883 7.711 60.456 60.456 7.711 58.883 0.000 0.000 58.883 7.711 60.456 60.456 7.711 58.883 0.000 0.000 58.883 7.711 60.456 60.456 7.711 58.883 0.000 0.000 58.883 7.711 60.456
60.456 7.711 58.883 0.000 0.000 58.883 7.711 60.456 60.456 7.711 58.883 0.000 0.000 58.883 7.711 60.456 60.456 7.711 58.883 0.000 0.000 58.883 7.711 60.456 60.456 7.711 58.883 0.000 0.000 58.883 7.711 60.456 60.456 7.711 58.883 0.000 0.000 58.883 7.711 60.456 60.456 7.711 58.883 0.000 0.000 58.883 7.711 60.456 60.456 7.711 58.883 0.000 0.000 58.883 7.711 60.456 60.456 7.711 58.883 0.000 0.000 58.883 7.711 60.456 60.456 7.711 58.883 0.000 0.000 58.883 7.711 60.456 60.456 7.711 58.883 0.000 0.000 58.883 7.711 60.456
13.701 59.386 0.000 58.883 58.883 0.000 59.386 13.701 13.701 59.386 0.000 58.883 58.883 0.000 59.386 13.701 13.701 59.386 0.000 58.883 58.883 0.000 59.386 13.701 13.701 59.386 0.000 58.883 58.883 0.000 59.386 13.701 13.701 59.386 0.000 58.883 58.883 0.000 59.386 13.701 13.701 59.386 0.000 58.883 58.883 0.000 59.386 13.701 13.701 59.386 0.000 58.883 58.883 0.000 59.386 13.701 13.701 59.386 0.000 58.883 58.883 0.000 59.386 13.701 13.701 59.386 0.000 58.883 58.883 0.000 59.386 13.701 13.701 59.386 0.000 58.883 58.883 0.000 59.386 13.701
59.962 0.000 59.386 7.711 7.711 59.386 0.000 59.962 59.962 0.000 59.386 7.711 7.711 59.386 0.000 59.962 59.962 0.000 59.386 7.711 7.711 59.386 0.000 59.962 59.962 0.000 59.386 7.711 7.711 59.386 0.000 59.962 59.962 0.000 59.386 7.711 7.711 59.386 0.000 59.962 59.962 0.000 59.386 7.711 7.711 59.386 0.000 59.962 59.962 0.000 59.386 7.711 7.711 59.386 0.000 59.962 59.962 0.000 59.386 7.711 7.711 59.386 0.000 59.962 59.962 0.000 59.386 7.711 7.711 59.386 0.000 59.962 59.962 0.000 59.386 7.711 7.711 59.386 0.000 59.962
0.000 59.962 13.701 60.456 60.456 13.701 59.962 0.000 0.000 59.962 13.701 60.456 60.456 13.701 59.962 0.000 0.000 59.962 13.701 60.456 60.456 13.701 59.962 0.000 0.000 59.962 13.701 60.456 60.456 13.701 59.962 0.000 0.000 59.962 13.701 60.456 60.456 13.701 59.962 0.000 0.000 59.962 13.701 60.456 60.456 13.701 59.962 0.000 0.000 59.962 13.701 60.456 60.456 13.701 59.962 0.000 0.000 59.962 13.701 60.456 60.456 13.701 59.962 0.000 0.000 59.962 13.701 60.456 60.456 13.701 59.962 0.000 0.000 59.962 13.701 60.456 60.456 13.701 59.962 0.000
0.000 59.962 13.701 60.456 60.456 13.701 59.962 0.000 0.000 59.962 13.701 60.456 60.456 13.701 59.962 0.000 0.000 59.962 13.701 60.456 60.456 13.701 59.962 0.000 0.000 59.962 13.701 60.456 60.456 13.701 59.962 0.000 0.000 59.962 13.701 60.456 60.456 13.701 59.962 0.000 0.000 59.962 13.701 60.456 60.456 13.701 59.962 0.000 0.000 59.962 13.701 60.456 60.456 13.701 59.962 0.000 0.000 59.962 13.701 60.456 60.456 13.701 59.962 0.000 0.000 59.962 13.701 60.456 60.456 13.701 59.962 0.000 0.000 59.962 13.701 60.456 60.456 13.701 59.962 0.000
59.962 0.000 59.386 7.711 7.711 59.386 0.000 59.962 59.962 0.000 59.386 7.711 7.711 59.386 0.000 59.962 59.962 0.000 59.386 7.711 7.711 59.386 0.000 59.962 59.962 0.000 59.386 7.711 7.711 59.386 0.000 59.962 59.962 0.000 59.386 7.711 7.711 59.386 0.000 59.962 59.962 0.000 59.386 7.711 7.711 59.386 0.000 59.962 59.962 0.000 59.386 7.711 7.711 59.386 0.000 59.962 59.962 0.000 59.386 7.711 7.711 59.386 0.000 59.962 59.962 0.000 59.386 7.711 7.711 59.386 0.000 59.962 59.962 0.000 59.386 7.711 7.711 59.386 0.000 59.962
13.701 59.386 0.000 58.883 58.883 0.000 59.386 13.701 13.701 59.386 0.000 58.883 58.883 0.000 59.386 13.701 13.701 59.386 0.000 58.883 58.883 0.000 59.386 13.701 13.701 59.386 0.000 58.883 58.883 0.000 59.386 13.701 13.701 59.386 0.000 58.883 58.883 0.000 59.386 13.701 13.701 59.386 0.000 58.883 58.883 0.000 59.386 13.701 13.701 59.386 0.000 58.883 58.883 0.000 59.386 13.701 13.701 59.386 0.000 58.883 58.883 0.000 59.386 13.701 13.701 59.386 0.000 58.883 58.883 0.000 59.386 13.701 13.701 59.386 0.000 58.883 58.883 0.000 59.386 13.701
60.456 7.711 58.883 0.000 0.000 58.883 7.711 60.456 60.456 7.711 58.883 0.000 0.000 58.883 7.711 60.456 60.456 7.711 58.883 0.000 0.000 58.883 7.711 60.456 60.456 7.711 58.883 0.000 0.000 58.883 7.711 60.456 60.456 7.711 58.883 0.000 0.000 58.883 7.711 60.456 60.456 7.711 58.883 0.000 0.000 58.883 7.711 60.456 60.456 7.711 58.883 0.000 0.000 58.883 7.711 60.456 60.456 7.711 58.883 0.000 0.000 58.883 7.711 60.456 60.456 7.711 58.883 0.000 0.000 58.883 7.711 60.456 60.456 7.711 58.883 0.000 0.000 58.883 7.711 60.456
60.456 7.711 58.883 0.000 0.000 58.883 7.711 60.456 60.456 7.711 58.883 0.000 0.000 58.883 7.711 60.456 60.456 7.711 58.883 0.000 0.000 58.883 7.711 60.456 60.456 7.711 58.883 0.000 0.000 58.883 7.711 60.456 60.456 7.711 58.883 0.000 0.000 58.883 7.711 60.456 60.456 7.711 58.883 0.000 0.000 58.883 7.711 60.456 60.456 7.711 58.883 0.000 0.000 58.883 7.711 60.456 60.456 7.711 58.883 0.000 0.000 58.883 7.711 60.456 60.456 7.711 58.883 0.000 0.000 58.883 7.711 60.456 60.456 7.711 58.883 0.000 0.000 58.883 7.711 60.456
13.701 59.386 0.000 58.883 58.883 0.000 59.386 13.701 13.701 59.386 0.000 58.883 58.883 0.000 59.386 13.701 13.701 59.386 0.000 58.883 58.883 0.000 59.386 13.701 13.701 59.386 0.000 58.883 58.883 0.000 59.386 13.701 13.701 59.386 0.000 58.883 58.883 0.000 59.386 13.701 13.701 59.386 0.000 58.883 58.883 0.000 59.386 13.701 13.701 59.386 0.000 58.883 58.883 0.000 59.386 13.701 13.701 59.386 0.000 58.883 58.883 0.000 59.386 13.701 13.701 59.386 0.000 58.883 58.883 0.000 59.386 13.701 13.701 59.386 0.000 58.883 58.883 0.000 59.386 13.701
59.962 0.000 59.386 7.711 7.711 59.386 0.000 59.962 59.962 0.000 59.386 7.711 7.711 59.386 0.000 59.962 59.962 0.000 59.386 7.711 7.711 59.386 0.000 59.962 59.962 0.000 59.386 7.711 7.711 59.386 0.000 59.962 59.962 0.000 59.386 7.711 7.711 59.386 0.000 59.962 59.962 0.000 59.386 7.711 7.711 59.386 0.000 59.962 59.962 0.000 59.386 7.711 7.711 59.386 0.000 59.962 59.962 0.000 59.386 7.711 7.711 59.386 0.000 59.962 59.962 0.000 59.386 7.711 7.711 59.386 0.000 59.962 59.962 0.000 59.386 7.711 7.711 59.386 0.000 59.962
0.000 59.962 13.701 60.456 60.456 13.701 59.962 0.000 0.000 59.962 13.701 60.456 60.456 13.701 59.962 0.000 0.000 59.962 13.701 60.456 60.456 13.701 59.962 0.000 0.000 59.962 13.701 60.456 60.456 13.701 59.962 0.000 0.000 59.962 13.701 60.456 60.456 13.701 59.962 0.000 0.000 59.962 13.701 60.456 60.456 13.701 59.962 0.000 0.000 59.962 13.701 60.456 60.456 13.701 59.962 0.000 0.000 59.962 13.701 60.456 60.456 13.701 59.962 0.000 0.000 59.962 13.701 60.456 60.456 13.701 59.962 0.000 0.000 59.962 13.701 60.456 60.456 13.701 59.962 0.000
0.000 59.962 13.701 60.456 60.456 13.701 59.962 0.000 0.000 59.962 13.701 60.456 60.456 13.701 59.962 0.000 0.000 59.962 13.701 60.456 60.456 13.701 59.962 0.000 0.000 59.962 13.701 60.456 60.456 13.701 59.962 0.000 0.000 59.962 13.701 60.456 60.456 13.701 59.962 0.000 0.000 59.962 13.701 60.456 60.456 13.701 59.962 0.000 0.000 59.962 13.701 60.456 60.456 13.701 59.962 0.000 0.000 59.962 13.701 60.456 60.456 13.701 59.962 0.000 0.000 59.962 13.701 60.456 60.456 13.701 59.962 0.000 0.000 59.962 13.701 60.456 60.456 13.701 59.962 0.000
59.962 0.000 59.386 7.711 7.711 59.386 0.000 59.962 59.962 0.000 59.386 7.711 7.711 59.386 0.000 59.962 59.962 0.000 59.386 7.711 7.711 59.386 0.000 59.962 59.962 0.000 59.386 7.711 7.711 59.386 0.000 59.962 59.962 0.000 59.386 7.711 7.711 59.386 0.000 59.962 59.962 0.000 59.386 7.711 7.711 59.386 0.000 59.962 59.962 0.000 59.386 7.711 7.711 59.386 0.000 59.962 59.962 0.000 59.386 7.711 7.711 59.386 0.000 59.962 59.962 0.000 59.386 7.711 7.711 59.386 0.000 59.962 59.962 0.000 59.386 7.711 7.711 59.386 0.000 59.962
13.701 59.386 0.000 58.883 58.883 0.000 59.386 13.701 13.701 59.386 0.000 58.883 58.883 0.000 59.386 13.701 13.701 59.386 0.000 58.883 58.883 0.000 59.386 13.701 13.701 59.386 0.000 58.883 58.883 0.000 59.386 13.701 13.701 59.386 0.000 58.883 58.883 0.000 59.386 13.701 13.701 59.386 0.000 58.883 58.883 0.000 59.386 13.701 13.701 59.386 0.000 58.883 58.883 0.000 59.386 13.701 13.701 59.386 0.000 58.883 58.883 0.000 59.386 13.701 13.701 59.386 0.000 58.883 58.883 0.000 59.386 13.701 13.701 59.386 0.000 58.883 58.883 0.000 59.386 13.701
60.456 7.711 58.883 0.000 0.000 58.883 7.711 60.456 60.456 7.711 58.883 0.000 0.000 58.883 7.711 60.456 60.456 7.711 58.883 0.000 0.000 58.883 7.711 60.456 60.456 7.711 58.883 0.000 0.000 58.883 7.711 60.456 60.456 7.711 58.883 0.000 0.000 58.883 7.711 60.456 60.456 7.711 58.883 0.000 0.000 58.883 7.711 60.456 60.456 7.711 58.883 0.000 0.000 58.883 7.711 60.456 60.456 7.711 58.883 0.000 0.000 58.883 7.711 60.456 60.456 7.711 58.883 0.000 0.000 58.883 7.711 60.456 60.456 7.711 58.883 0.000 0.000 58.883 7.711 60.456
60.456 7.711 58.883 0.000 0.000 58.883 7.711 60.456 60.456 7.711 58.883 0.000 0.000 58.883 7.711 60.456 60.456 7.711 58.883 0.000 0.000 58.883 7.711 60.456 60.456 7.711 58.883 0.000 0.000 58.883 7.711 60.456 60.456 7.711 58.883 0.000 0.000 58.883 7.711 60.456 60.456 7.711 58.883 0.000 0.000 58.883 7.711 60.456 60.456 7.711 58.883 0.000 0.000 58.883 7.711 60.456 60.456 7.711 58.883 0.000 0.000 58.883 7.711 60.456 60.456 7.711 58.883 0.000 0.000 58.883 7.711 60.456 60.456 7.711 58.883 0.000 0.000 58.883 7.711 60.456
13.701 59.386 0.000 58.883 58.883 0.000 59.386 13.701 13.701 59.386 0.000 58.883 58.883 0.000 59.386 13.701 13.701 59.386 0.000 58.883 58.883 0.000 59.386 13.701 13.701 59.386 0.000 58.883 58.883 0.000 59.386 13.701 13.701 59.386 0.000 58.883 58.883 0.000 59.386 13.701 13.701 59.386 0.000 58.883 58.883 0.000 59.386 13.701 13.701 59.386 0.000 58.883 58.883 0.000 59.386 13.701 13.701 59.386 0.000 58.883 58.883 0.000 59.386 13.701 13.701 59.386 0.000 58.883 58.883 0.000 59.386 13.701 13.701 59.386 0.000 58.883 58.883 0.000 59.386 13.701
59.962 0.000 59.386 7.711 7.711 59.386 0.000 59.962 59.962 0.000 59.386 7.711 7.711 59.386 0.000 59.962 59.962 0.000 59.386 7.711 7.711 59.386 0.000 59.962 59.962 0.000 59.386 7.711 7.711 59.386 0.000 59.962 59.962 0.000 59.386 7.711 7.711 59.386 0.000 59.962 59.962 0.000 59.386 7.711 7.711 59.386 0.000 59.962 59.962 0.000 59.386 7.711 7.711 59.386 0.000 59.962 59.962 0.000 59.386 7.711 7.711 59.386 0.000 59.962 59.962 0.000 59.386 7.711 7.711 59.386 0.000 59.962 59.962 0.000 59.386 7.711 7.711 59.386 0.000 59.962
0.000 59.962 13.701 60.456 60.456 13.701 59.962 0.000 0.000 59.962 13.701 60.456 60.456 13.701 59.962 0.000 0.000 59.962 13.701 60.456 60.456 13.701 59.962 0.000 0.000 59.962 13.701 60.456 60.456 13.701 59.962 0.000 0.000 59.962 13.701 60.456 60.456 13.701 59.962 0.000 0.000 59.962 13.701 60.456 60.456 13.701 59.962 0.000 0.000 59.962 13.701 60.456 60.456 13.701 59.962 0.000 0.000 59.962 13.701 60.456 60.456 13.701 59.962 0.000 0.000 59.962 13.701 60.456 60.456 13.701 59.962 0.000 0.000 59.962 13.701 60.456 60.456 13.701 59.962 0.000
