1.000 -0.018 0.389 -0.040 -0.032 -0.032 -0.040 -0.032 -0.032 -0.040 -0.032 -0.032 -0.040 -0.032 -0.032 -0.040 -0.032 -0.032 -0.040 -0.032 -0.032 -0.040 -0.032 -0.032 -0.040 -0.032 -0.032 -0.040 0.389 -0.018 0.256 0.256 -0.040 -0.040 -0.026 -0.046 -0.046 -0.040 -0.040 -0.040 -0.046 -0.046 -0.040 -0.040 -0.040 -0.046 -0.046 -0.040 -0.040 -0.040 -0.046 -0.046 -0.040 -0.040 -0.040 -0.046 -0.046 -0.040 -0.040 -0.040 -0.046 -0.046 -0.040 -0.040 -0.040 -0.046 -0.046 -0.040 -0.040 -0.040 -0.046 -0.046 -0.040 -0.040 -0.040 -0.046 -0.046 -0.040 -0.040 -0.040
-0.018 1.000 -0.013 0.389 -0.026 -0.026 -0.032 -0.026 -0.026 -0.032 -0.026 -0.026 -0.032 -0.026 -0.026 -0.032 -0.026 -0.026 -0.032 -0.026 -0.026 -0.032 -0.026 -0.026 -0.032 -0.026 -0.026 -0.032 -0.026 0.487 -0.038 -0.038 -0.032 -0.032 0.389 -0.038 -0.038 -0.032 -0.032 -0.032 -0.038 -0.038 -0.032 -0.032 -0.032 -0.038 -0.038 -0.032 -0.032 -0.032 -0.038 -0.038 -0.032 -0.032 -0.032 -0.038 -0.038 -0.032 -0.032 -0.032 -0.038 -0.038 -0.032 -0.032 -0.032 -0.038 -0.038 -0.032 -0.032 -0.032 -0.038 -0.038 -0.032 -0.032 -0.032 -0.038 -0.038 -0.032 -0.032 -0.032
0.389 -0.013 1.000 -0.018 0.487 -0.026 -0.032 -0.026 -0.026 -0.032 -0.026 -0.026 -0.032 -0.026 -0.026 -0.032 -0.026 -0.026 -0.032 -0.026 -0.026 -0.032 -0.026 -0.026 -0.032 -0.026 -0.026 -0.032 -0.026 -0.026 -0.038 -0.038 -0.032 -0.032 -0.032 -0.038 -0.038 -0.032 -0.032 0.389 -0.038 -0.038 -0.032 -0.032 -0.032 -0.038 -0.038 -0.032 -0.032 -0.032 -0.038 -0.038 -0.032 -0.032 -0.032 -0.038 -0.038 -0.032 -0.032 -0.032 -0.038 -0.038 -0.032 -0.032 -0.032 -0.038 -0.038 -0.032 -0.032 -0.032 -0.038 -0.038 -0.032 -0.032 -0.032 -0.038 -0.038 -0.032 -0.032 -0.032
-0.040 0.389 -0.018 1.000 -0.018 0.389 -0.040 -0.032 -0.032 -0.040 -0.032 -0.032 -0.040 -0.032 -0.032 -0.040 -0.032 -0.032 -0.040 -0.032 -0.032 -0.040 -0.032 -0.032 -0.040 -0.032 -0.032 -0.040 -0.032 -0.032 -0.046 -0.046 -0.040 -0.040 -0.040 0.256 0.256 -0.040 -0.040 -0.026 -0.046 -0.046 -0.040 -0.040 -0.040 -0.046 -0.046 -0.040 -0.040 -0.040 -0.046 -0.046 -0.040 -0.040 -0.040 -0.046 -0.046 -0.040 -0.040 -0.040 -0.046 -0.046 -0.040 -0.040 -0.040 -0.046 -0.046 -0.040 -0.040 -0.040 -0.046 -0.046 -0.040 -0.040 -0.040 -0.046 -0.046 -0.040 -0.040 -0.040
-0.032 -0.026 0.487 -0.018 1.000 -0.013 0.389 -0.026 -0.026 -0.032 -0.026 -0.026 -0.032 -0.026 -0.026 -0.032 -0.026 -0.026 -0.032 -0.026 -0.026 -0.032 -0.026 -0.026 -0.032 -0.026 -0.026 -0.032 -0.026 -0.026 -0.038 -0.038 -0.032 -0.032 -0.032 -0.038 -0.038 -0.032 -0.032 0.389 -0.038 -0.038 -0.032 -0.032 -0.032 -0.038 -0.038 -0.032 -0.032 -0.032 -0.038 -0.038 -0.032 -0.032 -0.032 -0.038 -0.038 -0.032 -0.032 -0.032 -0.038 -0.038 -0.032 -0.032 -0.032 -0.038 -0.038 -0.032 -0.032 -0.032 -0.038 -0.038 -0.032 -0.032 -0.032 -0.038 -0.038 -0.032 -0.032 -0.032
-0.032 -0.026 -0.026 0.389 -0.013 1.000 -0.018 0.487 -0.026 -0.032 -0.026 -0.026 -0.032 -0.026 -0.026 -0.032 -0.026 -0.026 -0.032 -0.026 -0.026 -0.032 -0.026 -0.026 -0.032 -0.026 -0.026 -0.032 -0.026 -0.026 -0.038 -0.038 -0.032 -0.032 -0.032 -0.038 -0.038 -0.032 -0.032 -0.032 -0.038 -0.038 -0.032 -0.032 0.389 -0.038 -0.038 -0.032 -0.032 -0.032 -0.038 -0.038 -0.032 -0.032 -0.032 -0.038 -0.038 -0.032 -0.032 -0.032 -0.038 -0.038 -0.032 -0.032 -0.032 -0.038 -0.038 -0.032 -0.032 -0.032 -0.038 -0.038 -0.032 -0.032 -0.032 -0.038 -0.038 -0.032 -0.032 -0.032
-0.040 -0.032 -0.032 -0.040 0.389 -0.018 1.000 -0.018 0.389 -0.040 -0.032 -0.032 -0.040 -0.032 -0.032 -0.040 -0.032 -0.032 -0.040 -0.032 -0.032 -0.040 -0.032 -0.032 -0.040 -0.032 -0.032 -0.040 -0.032 -0.032 -0.046 -0.046 -0.040 -0.040 -0.040 -0.046 -0.046 -0.040 -0.040 -0.040 0.256 0.256 -0.040 -0.040 -0.026 -0.046 -0.046 -0.040 -0.040 -0.040 -0.046 -0.046 -0.040 -0.040 -0.040 -0.046 -0.046 -0.040 -0.040 -0.040 -0.046 -0.046 -0.040 -0.040 -0.040 -0.046 -0.046 -0.040 -0.040 -0.040 -0.046 -0.046 -0.040 -0.040 -0.040 -0.046 -0.046 -0.040 -0.040 -0.040
-0.032 -0.026 -0.026 -0.032 -0.026 0.487 -0.018 1.000 -0.013 0.389 -0.026 -0.026 -0.032 -0.026 -0.026 -0.032 -0.026 -0.026 -0.032 -0.026 -0.026 -0.032 -0.026 -0.026 -0.032 -0.026 -0.026 -0.032 -0.026 -0.026 -0.038 -0.038 -0.032 -0.032 -0.032 -0.038 -0.038 -0.032 -0.032 -0.032 -0.038 -0.038 -0.032 -0.032 0.389 -0.038 -0.038 -0.032 -0.032 -0.032 -0.038 -0.038 -0.032 -0.032 -0.032 -0.038 -0.038 -0.032 -0.032 -0.032 -0.038 -0.038 -0.032 -0.032 -0.032 -0.038 -0.038 -0.032 -0.032 -0.032 -0.038 -0.038 -0.032 -0.032 -0.032 -0.038 -0.038 -0.032 -0.032 -0.032
-0.032 -0.026 -0.026 -0.032 -0.026 -0.026 0.389 -0.013 1.000 -0.018 0.487 -0.026 -0.032 -0.026 -0.026 -0.032 -0.026 -0.026 -0.032 -0.026 -0.026 -0.032 -0.026 -0.026 -0.032 -0.026 -0.026 -0.032 -0.026 -0.026 -0.038 -0.038 -0.032 -0.032 -0.032 -0.038 -0.038 -0.032 -0.032 -0.032 -0.038 -0.038 -0.032 -0.032 -0.032 -0.038 -0.038 -0.032 -0.032 0.389 -0.038 -0.038 -0.032 -0.032 -0.032 -0.038 -0.038 -0.032 -0.032 -0.032 -0.038 -0.038 -0.032 -0.032 -0.032 -0.038 -0.038 -0.032 -0.032 -0.032 -0.038 -0.038 -0.032 -0.032 -0.032 -0.038 -0.038 -0.032 -0.032 -0.032
-0.040 -0.032 -0.032 -0.040 -0.032 -0.032 -0.040 0.389 -0.018 1.000 -0.018 0.389 -0.040 -0.032 -0.032 -0.040 -0.032 -0.032 -0.040 -0.032 -0.032 -0.040 -0.032 -0.032 -0.040 -0.032 -0.032 -0.040 -0.032 -0.032 -0.046 -0.046 -0.040 -0.040 -0.040 -0.046 -0.046 -0.040 -0.040 -0.040 -0.046 -0.046 -0.040 -0.040 -0.040 0.256 0.256 -0.040 -0.040 -0.026 -0.046 -0.046 -0.040 -0.040 -0.040 -0.046 -0.046 -0.040 -0.040 -0.040 -0.046 -0.046 -0.040 -0.040 -0.040 -0.046 -0.046 -0.040 -0.040 -0.040 -0.046 -0.046 -0.040 -0.040 -0.040 -0.046 -0.046 -0.040 -0.040 -0.040
-0.032 -0.026 -0.026 -0.032 -0.026 -0.026 -0.032 -0.026 0.487 -0.018 1.000 -0.013 0.389 -0.026 -0.026 -0.032 -0.026 -0.026 -0.032 -0.026 -0.026 -0.032 -0.026 -0.026 -0.032 -0.026 -0.026 -0.032 -0.026 -0.026 -0.038 -0.038 -0.032 -0.032 -0.032 -0.038 -0.038 -0.032 -0.032 -0.032 -0.038 -0.038 -0.032 -0.032 -0.032 -0.038 -0.038 -0.032 -0.032 0.389 -0.038 -0.038 -0.032 -0.032 -0.032 -0.038 -0.038 -0.032 -0.032 -0.032 -0.038 -0.038 -0.032 -0.032 -0.032 -0.038 -0.038 -0.032 -0.032 -0.032 -0.038 -0.038 -0.032 -0.032 -0.032 -0.038 -0.038 -0.032 -0.032 -0.032
-0.032 -0.026 -0.026 -0.032 -0.026 -0.026 -0.032 -0.026 -0.026 0.389 -0.013 1.000 -0.018 0.487 -0.026 -0.032 -0.026 -0.026 -0.032 -0.026 -0.026 -0.032 -0.026 -0.026 -0.032 -0.026 -0.026 -0.032 -0.026 -0.026 -0.038 -0.038 -0.032 -0.032 -0.032 -0.038 -0.038 -0.032 -0.032 -0.032 -0.038 -0.038 -0.032 -0.032 -0.032 -0.038 -0.038 -0.032 -0.032 -0.032 -0.038 -0.038 -0.032 -0.032 0.389 -0.038 -0.038 -0.032 -0.032 -0.032 -0.038 -0.038 -0.032 -0.032 -0.032 -0.038 -0.038 -0.032 -0.032 -0.032 -0.038 -0.038 -0.032 -0.032 -0.032 -0.038 -0.038 -0.032 -0.032 -0.032
-0.040 -0.032 -0.032 -0.040 -0.032 -0.032 -0.040 -0.032 -0.032 -0.040 0.389 -0.018 1.000 -0.018 0.389 -0.040 -0.032 -0.032 -0.040 -0.032 -0.032 -0.040 -0.032 -0.032 -0.040 -0.032 -0.032 -0.040 -0.032 -0.032 -0.046 -0.046 -0.040 -0.040 -0.040 -0.046 -0.046 -0.040 -0.040 -0.040 -0.046 -0.046 -0.040 -0.040 -0.040 -0.046 -0.046 -0.040 -0.040 -0.040 0.256 0.256 -0.040 -0.040 -0.026 -0.046 -0.046 -0.040 -0.040 -0.040 -0.046 -0.046 -0.040 -0.040 -0.040 -0.046 -0.046 -0.040 -0.040 -0.040 -0.046 -0.046 -0.040 -0.040 -0.040 -0.046 -0.046 -0.040 -0.040 -0.040
-0.032 -0.026 -0.026 -0.032 -0.026 -0.026 -0.032 -0.026 -0.026 -0.032 -0.026 0.487 -0.018 1.000 -0.013 0.389 -0.026 -0.026 -0.032 -0.026 -0.026 -0.032 -0.026 -0.026 -0.032 -0.026 -0.026 -0.032 -0.026 -0.026 -0.038 -0.038 -0.032 -0.032 -0.032 -0.038 -0.038 -0.032 -0.032 -0.032 -0.038 -0.038 -0.032 -0.032 -0.032 -0.038 -0.038 -0.032 -0.032 -0.032 -0.038 -0.038 -0.032 -0.032 0.389 -0.038 -0.038 -0.032 -0.032 -0.032 -0.038 -0.038 -0.032 -0.032 -0.032 -0.038 -0.038 -0.032 -0.032 -0.032 -0.038 -0.038 -0.032 -0.032 -0.032 -0.038 -0.038 -0.032 -0.032 -0.032
-0.032 -0.026 -0.026 -0.032 -0.026 -0.026 -0.032 -0.026 -0.026 -0.032 -0.026 -0.026 0.389 -0.013 1.000 -0.018 0.487 -0.026 -0.032 -0.026 -0.026 -0.032 -0.026 -0.026 -0.032 -0.026 -0.026 -0.032 -0.026 -0.026 -0.038 -0.038 -0.032 -0.032 -0.032 -0.038 -0.038 -0.032 -0.032 -0.032 -0.038 -0.038 -0.032 -0.032 -0.032 -0.038 -0.038 -0.032 -0.032 -0.032 -0.038 -0.038 -0.032 -0.032 -0.032 -0.038 -0.038 -0.032 -0.032 0.389 -0.038 -0.038 -0.032 -0.032 -0.032 -0.038 -0.038 -0.032 -0.032 -0.032 -0.038 -0.038 -0.032 -0.032 -0.032 -0.038 -0.038 -0.032 -0.032 -0.032
-0.040 -0.032 -0.032 -0.040 -0.032 -0.032 -0.040 -0.032 -0.032 -0.040 -0.032 -0.032 -0.040 0.389 -0.018 1.000 -0.018 0.389 -0.040 -0.032 -0.032 -0.040 -0.032 -0.032 -0.040 -0.032 -0.032 -0.040 -0.032 -0.032 -0.046 -0.046 -0.040 -0.040 -0.040 -0.046 -0.046 -0.040 -0.040 -0.040 -0.046 -0.046 -0.040 -0.040 -0.040 -0.046 -0.046 -0.040 -0.040 -0.040 -0.046 -0.046 -0.040 -0.040 -0.040 0.256 0.256 -0.040 -0.040 -0.026 -0.046 -0.046 -0.040 -0.040 -0.040 -0.046 -0.046 -0.040 -0.040 -0.040 -0.046 -0.046 -0.040 -0.040 -0.040 -0.046 -0.046 -0.040 -0.040 -0.040
-0.032 -0.026 -0.026 -0.032 -0.026 -0.026 -0.032 -0.026 -0.026 -0.032 -0.026 -0.026 -0.032 -0.026 0.487 -0.018 1.000 -0.013 0.389 -0.026 -0.026 -0.032 -0.026 -0.026 -0.032 -0.026 -0.026 -0.032 -0.026 -0.026 -0.038 -0.038 -0.032 -0.032 -0.032 -0.038 -0.038 -0.032 -0.032 -0.032 -0.038 -0.038 -0.032 -0.032 -0.032 -0.038 -0.038 -0.032 -0.032 -0.032 -0.038 -0.038 -0.032 -0.032 -0.032 -0.038 -0.038 -0.032 -0.032 0.389 -0.038 -0.038 -0.032 -0.032 -0.032 -0.038 -0.038 -0.032 -0.032 -0.032 -0.038 -0.038 -0.032 -0.032 -0.032 -0.038 -0.038 -0.032 -0.032 -0.032
-0.032 -0.026 -0.026 -0.032 -0.026 -0.026 -0.032 -0.026 -0.026 -0.032 -0.026 -0.026 -0.032 -0.026 -0.026 0.389 -0.013 1.000 -0.018 0.487 -0.026 -0.032 -0.026 -0.026 -0.032 -0.026 -0.026 -0.032 -0.026 -0.026 -0.038 -0.038 -0.032 -0.032 -0.032 -0.038 -0.038 -0.032 -0.032 -0.032 -0.038 -0.038 -0.032 -0.032 -0.032 -0.038 -0.038 -0.032 -0.032 -0.032 -0.038 -0.038 -0.032 -0.032 -0.032 -0.038 -0.038 -0.032 -0.032 -0.032 -0.038 -0.038 -0.032 -0.032 0.389 -0.038 -0.038 -0.032 -0.032 -0.032 -0.038 -0.038 -0.032 -0.032 -0.032 -0.038 -0.038 -0.032 -0.032 -0.032
-0.040 -0.032 -0.032 -0.040 -0.032 -0.032 -0.040 -0.032 -0.032 -0.040 -0.032 -0.032 -0.040 -0.032 -0.032 -0.040 0.389 -0.018 1.000 -0.018 0.389 -0.040 -0.032 -0.032 -0.040 -0.032 -0.032 -0.040 -0.032 -0.032 -0.046 -0.046 -0.040 -0.040 -0.040 -0.046 -0.046 -0.040 -0.040 -0.040 -0.046 -0.046 -0.040 -0.040 -0.040 -0.046 -0.046 -0.040 -0.040 -0.040 -0.046 -0.046 -0.040 -0.040 -0.040 -0.046 -0.046 -0.040 -0.040 -0.040 0.256 0.256 -0.040 -0.040 -0.026 -0.046 -0.046 -0.040 -0.040 -0.040 -0.046 -0.046 -0.040 -0.040 -0.040 -0.046 -0.046 -0.040 -0.040 -0.040
-0.032 -0.026 -0.026 -0.032 -0.026 -0.026 -0.032 -0.026 -0.026 -0.032 -0.026 -0.026 -0.032 -0.026 -0.026 -0.032 -0.026 0.487 -0.018 1.000 -0.013 0.389 -0.026 -0.026 -0.032 -0.026 -0.026 -0.032 -0.026 -0.026 -0.038 -0.038 -0.032 -0.032 -0.032 -0.038 -0.038 -0.032 -0.032 -0.032 -0.038 -0.038 -0.032 -0.032 -0.032 -0.038 -0.038 -0.032 -0.032 -0.032 -0.038 -0.038 -0.032 -0.032 -0.032 -0.038 -0.038 -0.032 -0.032 -0.032 -0.038 -0.038 -0.032 -0.032 0.389 -0.038 -0.038 -0.032 -0.032 -0.032 -0.038 -0.038 -0.032 -0.032 -0.032 -0.038 -0.038 -0.032 -0.032 -0.032
-0.032 -0.026 -0.026 -0.032 -0.026 -0.026 -0.032 -0.026 -0.026 -0.032 -0.026 -0.026 -0.032 -0.026 -0.026 -0.032 -0.026 -0.026 0.389 -0.013 1.000 -0.018 0.487 -0.026 -0.032 -0.026 -0.026 -0.032 -0.026 -0.026 -0.038 -0.038 -0.032 -0.032 -0.032 -0.038 -0.038 -0.032 -0.032 -0.032 -0.038 -0.038 -0.032 -0.032 -0.032 -0.038 -0.038 -0.032 -0.032 -0.032 -0.038 -0.038 -0.032 -0.032 -0.032 -0.038 -0.038 -0.032 -0.032 -0.032 -0.038 -0.038 -0.032 -0.032 -0.032 -0.038 -0.038 -0.032 -0.032 0.389 -0.038 -0.038 -0.032 -0.032 -0.032 -0.038 -0.038 -0.032 -0.032 -0.032
-0.040 -0.032 -0.032 -0.040 -0.032 -0.032 -0.040 -0.032 -0.032 -0.040 -0.032 -0.032 -0.040 -0.032 -0.032 -0.040 -0.032 -0.032 -0.040 0.389 -0.018 1.000 -0.018 0.389 -0.040 -0.032 -0.032 -0.040 -0.032 -0.032 -0.046 -0.046 -0.040 -0.040 -0.040 -0.046 -0.046 -0.040 -0.040 -0.040 -0.046 -0.046 -0.040 -0.040 -0.040 -0.046 -0.046 -0.040 -0.040 -0.040 -0.046 -0.046 -0.040 -0.040 -0.040 -0.046 -0.046 -0.040 -0.040 -0.040 -0.046 -0.046 -0.040 -0.040 -0.040 0.256 0.256 -0.040 -0.040 -0.026 -0.046 -0.046 -0.040 -0.040 -0.040 -0.046 -0.046 -0.040 -0.040 -0.040
-0.032 -0.026 -0.026 -0.032 -0.026 -0.026 -0.032 -0.026 -0.026 -0.032 -0.026 -0.026 -0.032 -0.026 -0.026 -0.032 -0.026 -0.026 -0.032 -0.026 0.487 -0.018 1.000 -0.013 0.389 -0.026 -0.026 -0.032 -0.026 -0.026 -0.038 -0.038 -0.032 -0.032 -0.032 -0.038 -0.038 -0.032 -0.032 -0.032 -0.038 -0.038 -0.032 -0.032 -0.032 -0.038 -0.038 -0.032 -0.032 -0.032 -0.038 -0.038 -0.032 -0.032 -0.032 -0.038 -0.038 -0.032 -0.032 -0.032 -0.038 -0.038 -0.032 -0.032 -0.032 -0.038 -0.038 -0.032 -0.032 0.389 -0.038 -0.038 -0.032 -0.032 -0.032 -0.038 -0.038 -0.032 -0.032 -0.032
-0.032 -0.026 -0.026 -0.032 -0.026 -0.026 -0.032 -0.026 -0.026 -0.032 -0.026 -0.026 -0.032 -0.026 -0.026 -0.032 -0.026 -0.026 -0.032 -0.026 -0.026 0.389 -0.013 1.000 -0.018 0.487 -0.026 -0.032 -0.026 -0.026 -0.038 -0.038 -0.032 -0.032 -0.032 -0.038 -0.038 -0.032 -0.032 -0.032 -0.038 -0.038 -0.032 -0.032 -0.032 -0.038 -0.038 -0.032 -0.032 -0.032 -0.038 -0.038 -0.032 -0.032 -0.032 -0.038 -0.038 -0.032 -0.032 -0.032 -0.038 -0.038 -0.032 -0.032 -0.032 -0.038 -0.038 -0.032 -0.032 -0.032 -0.038 -0.038 -0.032 -0.032 0.389 -0.038 -0.038 -0.032 -0.032 -0.032
-0.040 -0.032 -0.032 -0.040 -0.032 -0.032 -0.040 -0.032 -0.032 -0.040 -0.032 -0.032 -0.040 -0.032 -0.032 -0.040 -0.032 -0.032 -0.040 -0.032 -0.032 -0.040 0.389 -0.018 1.000 -0.018 0.389 -0.040 -0.032 -0.032 -0.046 -0.046 -0.040 -0.040 -0.040 -0.046 -0.046 -0.040 -0.040 -0.040 -0.046 -0.046 -0.040 -0.040 -0.040 -0.046 -0.046 -0.040 -0.040 -0.040 -0.046 -0.046 -0.040 -0.040 -0.040 -0.046 -0.046 -0.040 -0.040 -0.040 -0.046 -0.046 -0.040 -0.040 -0.040 -0.046 -0.046 -0.040 -0.040 -0.040 0.256 0.256 -0.040 -0.040 -0.026 -0.046 -0.046 -0.040 -0.040 -0.040
-0.032 -0.026 -0.026 -0.032 -0.026 -0.026 -0.032 -0.026 -0.026 -0.032 -0.026 -0.026 -0.032 -0.026 -0.026 -0.032 -0.026 -0.026 -0.032 -0.026 -0.026 -0.032 -0.026 0.487 -0.018 1.000 -0.013 0.389 -0.026 -0.026 -0.038 -0.038 -0.032 -0.032 -0.032 -0.038 -0.038 -0.032 -0.032 -0.032 -0.038 -0.038 -0.032 -0.032 -0.032 -0.038 -0.038 -0.032 -0.032 -0.032 -0.038 -0.038 -0.032 -0.032 -0.032 -0.038 -0.038 -0.032 -0.032 -0.032 -0.038 -0.038 -0.032 -0.032 -0.032 -0.038 -0.038 -0.032 -0.032 -0.032 -0.038 -0.038 -0.032 -0.032 0.389 -0.038 -0.038 -0.032 -0.032 -0.032
-0.032 -0.026 -0.026 -0.032 -0.026 -0.026 -0.032 -0.026 -0.026 -0.032 -0.026 -0.026 -0.032 -0.026 -0.026 -0.032 -0.026 -0.026 -0.032 -0.026 -0.026 -0.032 -0.026 -0.026 0.389 -0.013 1.000 -0.018 0.487 -0.026 -0.038 -0.038 -0.032 -0.032 -0.032 -0.038 -0.038 -0.032 -0.032 -0.032 -0.038 -0.038 -0.032 -0.032 -0.032 -0.038 -0.038 -0.032 -0.032 -0.032 -0.038 -0.038 -0.032 -0.032 -0.032 -0.038 -0.038 -0.032 -0.032 -0.032 -0.038 -0.038 -0.032 -0.032 -0.032 -0.038 -0.038 -0.032 -0.032 -0.032 -0.038 -0.038 -0.032 -0.032 -0.032 -0.038 -0.038 -0.032 -0.032 0.389
-0.040 -0.032 -0.032 -0.040 -0.032 -0.032 -0.040 -0.032 -0.032 -0.040 -0.032 -0.032 -0.040 -0.032 -0.032 -0.040 -0.032 -0.032 -0.040 -0.032 -0.032 -0.040 -0.032 -0.032 -0.040 0.389 -0.018 1.000 -0.018 0.389 -0.046 -0.046 -0.040 -0.040 -0.040 -0.046 -0.046 -0.040 -0.040 -0.040 -0.046 -0.046 -0.040 -0.040 -0.040 -0.046 -0.046 -0.040 -0.040 -0.040 -0.046 -0.046 -0.040 -0.040 -0.040 -0.046 -0.046 -0.040 -0.040 -0.040 -0.046 -0.046 -0.040 -0.040 -0.040 -0.046 -0.046 -0.040 -0.040 -0.040 -0.046 -0.046 -0.040 -0.040 -0.040 0.256 0.256 -0.040 -0.040 -0.026
0.389 -0.026 -0.026 -0.032 -0.026 -0.026 -0.032 -0.026 -0.026 -0.032 -0.026 -0.026 -0.032 -0.026 -0.026 -0.032 -0.026 -0.026 -0.032 -0.026 -0.026 -0.032 -0.026 -0.026 -0.032 -0.026 0.487 -0.018 1.000 -0.013 -0.038 -0.038 -0.032 -0.032 -0.032 -0.038 -0.038 -0.032 -0.032 -0.032 -0.038 -0.038 -0.032 -0.032 -0.032 -0.038 -0.038 -0.032 -0.032 -0.032 -0.038 -0.038 -0.032 -0.032 -0.032 -0.038 -0.038 -0.032 -0.032 -0.032 -0.038 -0.038 -0.032 -0.032 -0.032 -0.038 -0.038 -0.032 -0.032 -0.032 -0.038 -0.038 -0.032 -0.032 -0.032 -0.038 -0.038 -0.032 -0.032 0.389
-0.018 0.487 -0.026 -0.032 -0.026 -0.026 -0.032 -0.026 -0.026 -0.032 -0.026 -0.026 -0.032 -0.026 -0.026 -0.032 -0.026 -0.026 -0.032 -0.026 -0.026 -0.032 -0.026 -0.026 -0.032 -0.026 -0.026 0.389 -0.013 1.000 -0.038 -0.038 -0.032 -0.032 0.389 -0.038 -0.038 -0.032 -0.032 -0.032 -0.038 -0.038 -0.032 -0.032 -0.032 -0.038 -0.038 -0.032 -0.032 -0.032 -0.038 -0.038 -0.032 -0.032 -0.032 -0.038 -0.038 -0.032 -0.032 -0.032 -0.038 -0.038 -0.032 -0.032 -0.032 -0.038 -0.038 -0.032 -0.032 -0.032 -0.038 -0.038 -0.032 -0.032 -0.032 -0.038 -0.038 -0.032 -0.032 -0.032
0.256 -0.038 -0.038 -0.046 -0.038 -0.038 -0.046 -0.038 -0.038 -0.046 -0.038 -0.038 -0.046 -0.038 -0.038 -0.046 -0.038 -0.038 -0.046 -0.038 -0.038 -0.046 -0.038 -0.038 -0.046 -0.038 -0.038 -0.046 -0.038 -0.038 1.000 1.000 0.811 0.811 0.389 -0.054 -0.054 -0.046 -0.046 -0.046 -0.054 -0.054 -0.046 -0.046 -0.046 -0.054 -0.054 -0.046 -0.046 -0.046 -0.054 -0.054 -0.046 -0.046 -0.046 -0.054 -0.054 -0.046 -0.046 -0.046 -0.054 -0.054 -0.046 -0.046 -0.046 -0.054 -0.054 -0.046 -0.046 -0.046 -0.054 -0.054 -0.046 -0.046 -0.046 -0.054 -0.054 -0.046 -0.046 -0.046
0.256 -0.038 -0.038 -0.046 -0.038 -0.038 -0.046 -0.038 -0.038 -0.046 -0.038 -0.038 -0.046 -0.038 -0.038 -0.046 -0.038 -0.038 -0.046 -0.038 -0.038 -0.046 -0.038 -0.038 -0.046 -0.038 -0.038 -0.046 -0.038 -0.038 1.000 1.000 0.811 0.811 0.389 -0.054 -0.054 -0.046 -0.046 -0.046 -0.054 -0.054 -0.046 -0.046 -0.046 -0.054 -0.054 -0.046 -0.046 -0.046 -0.054 -0.054 -0.046 -0.046 -0.046 -0.054 -0.054 -0.046 -0.046 -0.046 -0.054 -0.054 -0.046 -0.046 -0.046 -0.054 -0.054 -0.046 -0.046 -0.046 -0.054 -0.054 -0.046 -0.046 -0.046 -0.054 -0.054 -0.046 -0.046 -0.046
-0.040 -0.032 -0.032 -0.040 -0.032 -0.032 -0.040 -0.032 -0.032 -0.040 -0.032 -0.032 -0.040 -0.032 -0.032 -0.040 -0.032 -0.032 -0.040 -0.032 -0.032 -0.040 -0.032 -0.032 -0.040 -0.032 -0.032 -0.040 -0.032 -0.032 0.811 0.811 1.000 1.000 0.653 -0.046 -0.046 -0.040 -0.040 -0.040 -0.046 -0.046 -0.040 -0.040 -0.040 -0.046 -0.046 -0.040 -0.040 -0.040 -0.046 -0.046 -0.040 -0.040 -0.040 -0.046 -0.046 -0.040 -0.040 -0.040 -0.046 -0.046 -0.040 -0.040 -0.040 -0.046 -0.046 -0.040 -0.040 -0.040 -0.046 -0.046 -0.040 -0.040 -0.040 -0.046 -0.046 -0.040 -0.040 -0.040
-0.040 -0.032 -0.032 -0.040 -0.032 -0.032 -0.040 -0.032 -0.032 -0.040 -0.032 -0.032 -0.040 -0.032 -0.032 -0.040 -0.032 -0.032 -0.040 -0.032 -0.032 -0.040 -0.032 -0.032 -0.040 -0.032 -0.032 -0.040 -0.032 -0.032 0.811 0.811 1.000 1.000 0.653 -0.046 -0.046 -0.040 -0.040 -0.040 -0.046 -0.046 -0.040 -0.040 -0.040 -0.046 -0.046 -0.040 -0.040 -0.040 -0.046 -0.046 -0.040 -0.040 -0.040 -0.046 -0.046 -0.040 -0.040 -0.040 -0.046 -0.046 -0.040 -0.040 -0.040 -0.046 -0.046 -0.040 -0.040 -0.040 -0.046 -0.046 -0.040 -0.040 -0.040 -0.046 -0.046 -0.040 -0.040 -0.040
-0.026 0.389 -0.032 -0.040 -0.032 -0.032 -0.040 -0.032 -0.032 -0.040 -0.032 -0.032 -0.040 -0.032 -0.032 -0.040 -0.032 -0.032 -0.040 -0.032 -0.032 -0.040 -0.032 -0.032 -0.040 -0.032 -0.032 -0.040 -0.032 0.389 0.389 0.389 0.653 0.653 1.000 -0.046 -0.046 -0.040 -0.040 -0.040 -0.046 -0.046 -0.040 -0.040 -0.040 -0.046 -0.046 -0.040 -0.040 -0.040 -0.046 -0.046 -0.040 -0.040 -0.040 -0.046 -0.046 -0.040 -0.040 -0.040 -0.046 -0.046 -0.040 -0.040 -0.040 -0.046 -0.046 -0.040 -0.040 -0.040 -0.046 -0.046 -0.040 -0.040 -0.040 -0.046 -0.046 -0.040 -0.040 -0.040
-0.046 -0.038 -0.038 0.256 -0.038 -0.038 -0.046 -0.038 -0.038 -0.046 -0.038 -0.038 -0.046 -0.038 -0.038 -0.046 -0.038 -0.038 -0.046 -0.038 -0.038 -0.046 -0.038 -0.038 -0.046 -0.038 -0.038 -0.046 -0.038 -0.038 -0.054 -0.054 -0.046 -0.046 -0.046 1.000 1.000 0.811 0.811 0.389 -0.054 -0.054 -0.046 -0.046 -0.046 -0.054 -0.054 -0.046 -0.046 -0.046 -0.054 -0.054 -0.046 -0.046 -0.046 -0.054 -0.054 -0.046 -0.046 -0.046 -0.054 -0.054 -0.046 -0.046 -0.046 -0.054 -0.054 -0.046 -0.046 -0.046 -0.054 -0.054 -0.046 -0.046 -0.046 -0.054 -0.054 -0.046 -0.046 -0.046
-0.046 -0.038 -0.038 0.256 -0.038 -0.038 -0.046 -0.038 -0.038 -0.046 -0.038 -0.038 -0.046 -0.038 -0.038 -0.046 -0.038 -0.038 -0.046 -0.038 -0.038 -0.046 -0.038 -0.038 -0.046 -0.038 -0.038 -0.046 -0.038 -0.038 -0.054 -0.054 -0.046 -0.046 -0.046 1.000 1.000 0.811 0.811 0.389 -0.054 -0.054 -0.046 -0.046 -0.046 -0.054 -0.054 -0.046 -0.046 -0.046 -0.054 -0.054 -0.046 -0.046 -0.046 -0.054 -0.054 -0.046 -0.046 -0.046 -0.054 -0.054 -0.046 -0.046 -0.046 -0.054 -0.054 -0.046 -0.046 -0.046 -0.054 -0.054 -0.046 -0.046 -0.046 -0.054 -0.054 -0.046 -0.046 -0.046
-0.040 -0.032 -0.032 -0.040 -0.032 -0.032 -0.040 -0.032 -0.032 -0.040 -0.032 -0.032 -0.040 -0.032 -0.032 -0.040 -0.032 -0.032 -0.040 -0.032 -0.032 -0.040 -0.032 -0.032 -0.040 -0.032 -0.032 -0.040 -0.032 -0.032 -0.046 -0.046 -0.040 -0.040 -0.040 0.811 0.811 1.000 1.000 0.653 -0.046 -0.046 -0.040 -0.040 -0.040 -0.046 -0.046 -0.040 -0.040 -0.040 -0.046 -0.046 -0.040 -0.040 -0.040 -0.046 -0.046 -0.040 -0.040 -0.040 -0.046 -0.046 -0.040 -0.040 -0.040 -0.046 -0.046 -0.040 -0.040 -0.040 -0.046 -0.046 -0.040 -0.040 -0.040 -0.046 -0.046 -0.040 -0.040 -0.040
-0.040 -0.032 -0.032 -0.040 -0.032 -0.032 -0.040 -0.032 -0.032 -0.040 -0.032 -0.032 -0.040 -0.032 -0.032 -0.040 -0.032 -0.032 -0.040 -0.032 -0.032 -0.040 -0.032 -0.032 -0.040 -0.032 -0.032 -0.040 -0.032 -0.032 -0.046 -0.046 -0.040 -0.040 -0.040 0.811 0.811 1.000 1.000 0.653 -0.046 -0.046 -0.040 -0.040 -0.040 -0.046 -0.046 -0.040 -0.040 -0.040 -0.046 -0.046 -0.040 -0.040 -0.040 -0.046 -0.046 -0.040 -0.040 -0.040 -0.046 -0.046 -0.040 -0.040 -0.040 -0.046 -0.046 -0.040 -0.040 -0.040 -0.046 -0.046 -0.040 -0.040 -0.040 -0.046 -0.046 -0.040 -0.040 -0.040
-0.040 -0.032 0.389 -0.026 0.389 -0.032 -0.040 -0.032 -0.032 -0.040 -0.032 -0.032 -0.040 -0.032 -0.032 -0.040 -0.032 -0.032 -0.040 -0.032 -0.032 -0.040 -0.032 -0.032 -0.040 -0.032 -0.032 -0.040 -0.032 -0.032 -0.046 -0.046 -0.040 -0.040 -0.040 0.389 0.389 0.653 0.653 1.000 -0.046 -0.046 -0.040 -0.040 -0.040 -0.046 -0.046 -0.040 -0.040 -0.040 -0.046 -0.046 -0.040 -0.040 -0.040 -0.046 -0.046 -0.040 -0.040 -0.040 -0.046 -0.046 -0.040 -0.040 -0.040 -0.046 -0.046 -0.040 -0.040 -0.040 -0.046 -0.046 -0.040 -0.040 -0.040 -0.046 -0.046 -0.040 -0.040 -0.040
-0.046 -0.038 -0.038 -0.046 -0.038 -0.038 0.256 -0.038 -0.038 -0.046 -0.038 -0.038 -0.046 -0.038 -0.038 -0.046 -0.038 -0.038 -0.046 -0.038 -0.038 -0.046 -0.038 -0.038 -0.046 -0.038 -0.038 -0.046 -0.038 -0.038 -0.054 -0.054 -0.046 -0.046 -0.046 -0.054 -0.054 -0.046 -0.046 -0.046 1.000 1.000 0.811 0.811 0.389 -0.054 -0.054 -0.046 -0.046 -0.046 -0.054 -0.054 -0.046 -0.046 -0.046 -0.054 -0.054 -0.046 -0.046 -0.046 -0.054 -0.054 -0.046 -0.046 -0.046 -0.054 -0.054 -0.046 -0.046 -0.046 -0.054 -0.054 -0.046 -0.046 -0.046 -0.054 -0.054 -0.046 -0.046 -0.046
-0.046 -0.038 -0.038 -0.046 -0.038 -0.038 0.256 -0.038 -0.038 -0.046 -0.038 -0.038 -0.046 -0.038 -0.038 -0.046 -0.038 -0.038 -0.046 -0.038 -0.038 -0.046 -0.038 -0.038 -0.046 -0.038 -0.038 -0.046 -0.038 -0.038 -0.054 -0.054 -0.046 -0.046 -0.046 -0.054 -0.054 -0.046 -0.046 -0.046 1.000 1.000 0.811 0.811 0.389 -0.054 -0.054 -0.046 -0.046 -0.046 -0.054 -0.054 -0.046 -0.046 -0.046 -0.054 -0.054 -0.046 -0.046 -0.046 -0.054 -0.054 -0.046 -0.046 -0.046 -0.054 -0.054 -0.046 -0.046 -0.046 -0.054 -0.054 -0.046 -0.046 -0.046 -0.054 -0.054 -0.046 -0.046 -0.046
-0.040 -0.032 -0.032 -0.040 -0.032 -0.032 -0.040 -0.032 -0.032 -0.040 -0.032 -0.032 -0.040 -0.032 -0.032 -0.040 -0.032 -0.032 -0.040 -0.032 -0.032 -0.040 -0.032 -0.032 -0.040 -0.032 -0.032 -0.040 -0.032 -0.032 -0.046 -0.046 -0.040 -0.040 -0.040 -0.046 -0.046 -0.040 -0.040 -0.040 0.811 0.811 1.000 1.000 0.653 -0.046 -0.046 -0.040 -0.040 -0.040 -0.046 -0.046 -0.040 -0.040 -0.040 -0.046 -0.046 -0.040 -0.040 -0.040 -0.046 -0.046 -0.040 -0.040 -0.040 -0.046 -0.046 -0.040 -0.040 -0.040 -0.046 -0.046 -0.040 -0.040 -0.040 -0.046 -0.046 -0.040 -0.040 -0.040
-0.040 -0.032 -0.032 -0.040 -0.032 -0.032 -0.040 -0.032 -0.032 -0.040 -0.032 -0.032 -0.040 -0.032 -0.032 -0.040 -0.032 -0.032 -0.040 -0.032 -0.032 -0.040 -0.032 -0.032 -0.040 -0.032 -0.032 -0.040 -0.032 -0.032 -0.046 -0.046 -0.040 -0.040 -0.040 -0.046 -0.046 -0.040 -0.040 -0.040 0.811 0.811 1.000 1.000 0.653 -0.046 -0.046 -0.040 -0.040 -0.040 -0.046 -0.046 -0.040 -0.040 -0.040 -0.046 -0.046 -0.040 -0.040 -0.040 -0.046 -0.046 -0.040 -0.040 -0.040 -0.046 -0.046 -0.040 -0.040 -0.040 -0.046 -0.046 -0.040 -0.040 -0.040 -0.046 -0.046 -0.040 -0.040 -0.040
-0.040 -0.032 -0.032 -0.040 -0.032 0.389 -0.026 0.389 -0.032 -0.040 -0.032 -0.032 -0.040 -0.032 -0.032 -0.040 -0.032 -0.032 -0.040 -0.032 -0.032 -0.040 -0.032 -0.032 -0.040 -0.032 -0.032 -0.040 -0.032 -0.032 -0.046 -0.046 -0.040 -0.040 -0.040 -0.046 -0.046 -0.040 -0.040 -0.040 0.389 0.389 0.653 0.653 1.000 -0.046 -0.046 -0.040 -0.040 -0.040 -0.046 -0.046 -0.040 -0.040 -0.040 -0.046 -0.046 -0.040 -0.040 -0.040 -0.046 -0.046 -0.040 -0.040 -0.040 -0.046 -0.046 -0.040 -0.040 -0.040 -0.046 -0.046 -0.040 -0.040 -0.040 -0.046 -0.046 -0.040 -0.040 -0.040
-0.046 -0.038 -0.038 -0.046 -0.038 -0.038 -0.046 -0.038 -0.038 0.256 -0.038 -0.038 -0.046 -0.038 -0.038 -0.046 -0.038 -0.038 -0.046 -0.038 -0.038 -0.046 -0.038 -0.038 -0.046 -0.038 -0.038 -0.046 -0.038 -0.038 -0.054 -0.054 -0.046 -0.046 -0.046 -0.054 -0.054 -0.046 -0.046 -0.046 -0.054 -0.054 -0.046 -0.046 -0.046 1.000 1.000 0.811 0.811 0.389 -0.054 -0.054 -0.046 -0.046 -0.046 -0.054 -0.054 -0.046 -0.046 -0.046 -0.054 -0.054 -0.046 -0.046 -0.046 -0.054 -0.054 -0.046 -0.046 -0.046 -0.054 -0.054 -0.046 -0.046 -0.046 -0.054 -0.054 -0.046 -0.046 -0.046
-0.046 -0.038 -0.038 -0.046 -0.038 -0.038 -0.046 -0.038 -0.038 0.256 -0.038 -0.038 -0.046 -0.038 -0.038 -0.046 -0.038 -0.038 -0.046 -0.038 -0.038 -0.046 -0.038 -0.038 -0.046 -0.038 -0.038 -0.046 -0.038 -0.038 -0.054 -0.054 -0.046 -0.046 -0.046 -0.054 -0.054 -0.046 -0.046 -0.046 -0.054 -0.054 -0.046 -0.046 -0.046 1.000 1.000 0.811 0.811 0.389 -0.054 -0.054 -0.046 -0.046 -0.046 -0.054 -0.054 -0.046 -0.046 -0.046 -0.054 -0.054 -0.046 -0.046 -0.046 -0.054 -0.054 -0.046 -0.046 -0.046 -0.054 -0.054 -0.046 -0.046 -0.046 -0.054 -0.054 -0.046 -0.046 -0.046
-0.040 -0.032 -0.032 -0.040 -0.032 -0.032 -0.040 -0.032 -0.032 -0.040 -0.032 -0.032 -0.040 -0.032 -0.032 -0.040 -0.032 -0.032 -0.040 -0.032 -0.032 -0.040 -0.032 -0.032 -0.040 -0.032 -0.032 -0.040 -0.032 -0.032 -0.046 -0.046 -0.040 -0.040 -0.040 -0.046 -0.046 -0.040 -0.040 -0.040 -0.046 -0.046 -0.040 -0.040 -0.040 0.811 0.811 1.000 1.000 0.653 -0.046 -0.046 -0.040 -0.040 -0.040 -0.046 -0.046 -0.040 -0.040 -0.040 -0.046 -0.046 -0.040 -0.040 -0.040 -0.046 -0.046 -0.040 -0.040 -0.040 -0.046 -0.046 -0.040 -0.040 -0.040 -0.046 -0.046 -0.040 -0.040 -0.040
-0.040 -0.032 -0.032 -0.040 -0.032 -0.032 -0.040 -0.032 -0.032 -0.040 -0.032 -0.032 -0.040 -0.032 -0.032 -0.040 -0.032 -0.032 -0.040 -0.032 -0.032 -0.040 -0.032 -0.032 -0.040 -0.032 -0.032 -0.040 -0.032 -0.032 -0.046 -0.046 -0.040 -0.040 -0.040 -0.046 -0.046 -0.040 -0.040 -0.040 -0.046 -0.046 -0.040 -0.040 -0.040 0.811 0.811 1.000 1.000 0.653 -0.046 -0.046 -0.040 -0.040 -0.040 -0.046 -0.046 -0.040 -0.040 -0.040 -0.046 -0.046 -0.040 -0.040 -0.040 -0.046 -0.046 -0.040 -0.040 -0.040 -0.046 -0.046 -0.040 -0.040 -0.040 -0.046 -0.046 -0.040 -0.040 -0.040
-0.040 -0.032 -0.032 -0.040 -0.032 -0.032 -0.040 -0.032 0.389 -0.026 0.389 -0.032 -0.040 -0.032 -0.032 -0.040 -0.032 -0.032 -0.040 -0.032 -0.032 -0.040 -0.032 -0.032 -0.040 -0.032 -0.032 -0.040 -0.032 -0.032 -0.046 -0.046 -0.040 -0.040 -0.040 -0.046 -0.046 -0.040 -0.040 -0.040 -0.046 -0.046 -0.040 -0.040 -0.040 0.389 0.389 0.653 0.653 1.000 -0.046 -0.046 -0.040 -0.040 -0.040 -0.046 -0.046 -0.040 -0.040 -0.040 -0.046 -0.046 -0.040 -0.040 -0.040 -0.046 -0.046 -0.040 -0.040 -0.040 -0.046 -0.046 -0.040 -0.040 -0.040 -0.046 -0.046 -0.040 -0.040 -0.040
-0.046 -0.038 -0.038 -0.046 -0.038 -0.038 -0.046 -0.038 -0.038 -0.046 -0.038 -0.038 0.256 -0.038 -0.038 -0.046 -0.038 -0.038 -0.046 -0.038 -0.038 -0.046 -0.038 -0.038 -0.046 -0.038 -0.038 -0.046 -0.038 -0.038 -0.054 -0.054 -0.046 -0.046 -0.046 -0.054 -0.054 -0.046 -0.046 -0.046 -0.054 -0.054 -0.046 -0.046 -0.046 -0.054 -0.054 -0.046 -0.046 -0.046 1.000 1.000 0.811 0.811 0.389 -0.054 -0.054 -0.046 -0.046 -0.046 -0.054 -0.054 -0.046 -0.046 -0.046 -0.054 -0.054 -0.046 -0.046 -0.046 -0.054 -0.054 -0.046 -0.046 -0.046 -0.054 -0.054 -0.046 -0.046 -0.046
-0.046 -0.038 -0.038 -0.046 -0.038 -0.038 -0.046 -0.038 -0.038 -0.046 -0.038 -0.038 0.256 -0.038 -0.038 -0.046 -0.038 -0.038 -0.046 -0.038 -0.038 -0.046 -0.038 -0.038 -0.046 -0.038 -0.038 -0.046 -0.038 -0.038 -0.054 -0.054 -0.046 -0.046 -0.046 -0.054 -0.054 -0.046 -0.046 -0.046 -0.054 -0.054 -0.046 -0.046 -0.046 -0.054 -0.054 -0.046 -0.046 -0.046 1.000 1.000 0.811 0.811 0.389 -0.054 -0.054 -0.046 -0.046 -0.046 -0.054 -0.054 -0.046 -0.046 -0.046 -0.054 -0.054 -0.046 -0.046 -0.046 -0.054 -0.054 -0.046 -0.046 -0.046 -0.054 -0.054 -0.046 -0.046 -0.046
-0.040 -0.032 -0.032 -0.040 -0.032 -0.032 -0.040 -0.032 -0.032 -0.040 -0.032 -0.032 -0.040 -0.032 -0.032 -0.040 -0.032 -0.032 -0.040 -0.032 -0.032 -0.040 -0.032 -0.032 -0.040 -0.032 -0.032 -0.040 -0.032 -0.032 -0.046 -0.046 -0.040 -0.040 -0.040 -0.046 -0.046 -0.040 -0.040 -0.040 -0.046 -0.046 -0.040 -0.040 -0.040 -0.046 -0.046 -0.040 -0.040 -0.040 0.811 0.811 1.000 1.000 0.653 -0.046 -0.046 -0.040 -0.040 -0.040 -0.046 -0.046 -0.040 -0.040 -0.040 -0.046 -0.046 -0.040 -0.040 -0.040 -0.046 -0.046 -0.040 -0.040 -0.040 -0.046 -0.046 -0.040 -0.040 -0.040
-0.040 -0.032 -0.032 -0.040 -0.032 -0.032 -0.040 -0.032 -0.032 -0.040 -0.032 -0.032 -0.040 -0.032 -0.032 -0.040 -0.032 -0.032 -0.040 -0.032 -0.032 -0.040 -0.032 -0.032 -0.040 -0.032 -0.032 -0.040 -0.032 -0.032 -0.046 -0.046 -0.040 -0.040 -0.040 -0.046 -0.046 -0.040 -0.040 -0.040 -0.046 -0.046 -0.040 -0.040 -0.040 -0.046 -0.046 -0.040 -0.040 -0.040 0.811 0.811 1.000 1.000 0.653 -0.046 -0.046 -0.040 -0.040 -0.040 -0.046 -0.046 -0.040 -0.040 -0.040 -0.046 -0.046 -0.040 -0.040 -0.040 -0.046 -0.046 -0.040 -0.040 -0.040 -0.046 -0.046 -0.040 -0.040 -0.040
-0.040 -0.032 -0.032 -0.040 -0.032 -0.032 -0.040 -0.032 -0.032 -0.040 -0.032 0.389 -0.026 0.389 -0.032 -0.040 -0.032 -0.032 -0.040 -0.032 -0.032 -0.040 -0.032 -0.032 -0.040 -0.032 -0.032 -0.040 -0.032 -0.032 -0.046 -0.046 -0.040 -0.040 -0.040 -0.046 -0.046 -0.040 -0.040 -0.040 -0.046 -0.046 -0.040 -0.040 -0.040 -0.046 -0.046 -0.040 -0.040 -0.040 0.389 0.389 0.653 0.653 1.000 -0.046 -0.046 -0.040 -0.040 -0.040 -0.046 -0.046 -0.040 -0.040 -0.040 -0.046 -0.046 -0.040 -0.040 -0.040 -0.046 -0.046 -0.040 -0.040 -0.040 -0.046 -0.046 -0.040 -0.040 -0.040
-0.046 -0.038 -0.038 -0.046 -0.038 -0.038 -0.046 -0.038 -0.038 -0.046 -0.038 -0.038 -0.046 -0.038 -0.038 0.256 -0.038 -0.038 -0.046 -0.038 -0.038 -0.046 -0.038 -0.038 -0.046 -0.038 -0.038 -0.046 -0.038 -0.038 -0.054 -0.054 -0.046 -0.046 -0.046 -0.054 -0.054 -0.046 -0.046 -0.046 -0.054 -0.054 -0.046 -0.046 -0.046 -0.054 -0.054 -0.046 -0.046 -0.046 -0.054 -0.054 -0.046 -0.046 -0.046 1.000 1.000 0.811 0.811 0.389 -0.054 -0.054 -0.046 -0.046 -0.046 -0.054 -0.054 -0.046 -0.046 -0.046 -0.054 -0.054 -0.046 -0.046 -0.046 -0.054 -0.054 -0.046 -0.046 -0.046
-0.046 -0.038 -0.038 -0.046 -0.038 -0.038 -0.046 -0.038 -0.038 -0.046 -0.038 -0.038 -0.046 -0.038 -0.038 0.256 -0.038 -0.038 -0.046 -0.038 -0.038 -0.046 -0.038 -0.038 -0.046 -0.038 -0.038 -0.046 -0.038 -0.038 -0.054 -0.054 -0.046 -0.046 -0.046 -0.054 -0.054 -0.046 -0.046 -0.046 -0.054 -0.054 -0.046 -0.046 -0.046 -0.054 -0.054 -0.046 -0.046 -0.046 -0.054 -0.054 -0.046 -0.046 -0.046 1.000 1.000 0.811 0.811 0.389 -0.054 -0.054 -0.046 -0.046 -0.046 -0.054 -0.054 -0.046 -0.046 -0.046 -0.054 -0.054 -0.046 -0.046 -0.046 -0.054 -0.054 -0.046 -0.046 -0.046
-0.040 -0.032 -0.032 -0.040 -0.032 -0.032 -0.040 -0.032 -0.032 -0.040 -0.032 -0.032 -0.040 -0.032 -0.032 -0.040 -0.032 -0.032 -0.040 -0.032 -0.032 -0.040 -0.032 -0.032 -0.040 -0.032 -0.032 -0.040 -0.032 -0.032 -0.046 -0.046 -0.040 -0.040 -0.040 -0.046 -0.046 -0.040 -0.040 -0.040 -0.046 -0.046 -0.040 -0.040 -0.040 -0.046 -0.046 -0.040 -0.040 -0.040 -0.046 -0.046 -0.040 -0.040 -0.040 0.811 0.811 1.000 1.000 0.653 -0.046 -0.046 -0.040 -0.040 -0.040 -0.046 -0.046 -0.040 -0.040 -0.040 -0.046 -0.046 -0.040 -0.040 -0.040 -0.046 -0.046 -0.040 -0.040 -0.040
-0.040 -0.032 -0.032 -0.040 -0.032 -0.032 -0.040 -0.032 -0.032 -0.040 -0.032 -0.032 -0.040 -0.032 -0.032 -0.040 -0.032 -0.032 -0.040 -0.032 -0.032 -0.040 -0.032 -0.032 -0.040 -0.032 -0.032 -0.040 -0.032 -0.032 -0.046 -0.046 -0.040 -0.040 -0.040 -0.046 -0.046 -0.040 -0.040 -0.040 -0.046 -0.046 -0.040 -0.040 -0.040 -0.046 -0.046 -0.040 -0.040 -0.040 -0.046 -0.046 -0.040 -0.040 -0.040 0.811 0.811 1.000 1.000 0.653 -0.046 -0.046 -0.040 -0.040 -0.040 -0.046 -0.046 -0.040 -0.040 -0.040 -0.046 -0.046 -0.040 -0.040 -0.040 -0.046 -0.046 -0.040 -0.040 -0.040
-0.040 -0.032 -0.032 -0.040 -0.032 -0.032 -0.040 -0.032 -0.032 -0.040 -0.032 -0.032 -0.040 -0.032 0.389 -0.026 0.389 -0.032 -0.040 -0.032 -0.032 -0.040 -0.032 -0.032 -0.040 -0.032 -0.032 -0.040 -0.032 -0.032 -0.046 -0.046 -0.040 -0.040 -0.040 -0.046 -0.046 -0.040 -0.040 -0.040 -0.046 -0.046 -0.040 -0.040 -0.040 -0.046 -0.046 -0.040 -0.040 -0.040 -0.046 -0.046 -0.040 -0.040 -0.040 0.389 0.389 0.653 0.653 1.000 -0.046 -0.046 -0.040 -0.040 -0.040 -0.046 -0.046 -0.040 -0.040 -0.040 -0.046 -0.046 -0.040 -0.040 -0.040 -0.046 -0.046 -0.040 -0.040 -0.040
-0.046 -0.038 -0.038 -0.046 -0.038 -0.038 -0.046 -0.038 -0.038 -0.046 -0.038 -0.038 -0.046 -0.038 -0.038 -0.046 -0.038 -0.038 0.256 -0.038 -0.038 -0.046 -0.038 -0.038 -0.046 -0.038 -0.038 -0.046 -0.038 -0.038 -0.054 -0.054 -0.046 -0.046 -0.046 -0.054 -0.054 -0.046 -0.046 -0.046 -0.054 -0.054 -0.046 -0.046 -0.046 -0.054 -0.054 -0.046 -0.046 -0.046 -0.054 -0.054 -0.046 -0.046 -0.046 -0.054 -0.054 -0.046 -0.046 -0.046 1.000 1.000 0.811 0.811 0.389 -0.054 -0.054 -0.046 -0.046 -0.046 -0.054 -0.054 -0.046 -0.046 -0.046 -0.054 -0.054 -0.046 -0.046 -0.046
-0.046 -0.038 -0.038 -0.046 -0.038 -0.038 -0.046 -0.038 -0.038 -0.046 -0.038 -0.038 -0.046 -0.038 -0.038 -0.046 -0.038 -0.038 0.256 -0.038 -0.038 -0.046 -0.038 -0.038 -0.046 -0.038 -0.038 -0.046 -0.038 -0.038 -0.054 -0.054 -0.046 -0.046 -0.046 -0.054 -0.054 -0.046 -0.046 -0.046 -0.054 -0.054 -0.046 -0.046 -0.046 -0.054 -0.054 -0.046 -0.046 -0.046 -0.054 -0.054 -0.046 -0.046 -0.046 -0.054 -0.054 -0.046 -0.046 -0.046 1.000 1.000 0.811 0.811 0.389 -0.054 -0.054 -0.046 -0.046 -0.046 -0.054 -0.054 -0.046 -0.046 -0.046 -0.054 -0.054 -0.046 -0.046 -0.046
-0.040 -0.032 -0.032 -0.040 -0.032 -0.032 -0.040 -0.032 -0.032 -0.040 -0.032 -0.032 -0.040 -0.032 -0.032 -0.040 -0.032 -0.032 -0.040 -0.032 -0.032 -0.040 -0.032 -0.032 -0.040 -0.032 -0.032 -0.040 -0.032 -0.032 -0.046 -0.046 -0.040 -0.040 -0.040 -0.046 -0.046 -0.040 -0.040 -0.040 -0.046 -0.046 -0.040 -0.040 -0.040 -0.046 -0.046 -0.040 -0.040 -0.040 -0.046 -0.046 -0.040 -0.040 -0.040 -0.046 -0.046 -0.040 -0.040 -0.040 0.811 0.811 1.000 1.000 0.653 -0.046 -0.046 -0.040 -0.040 -0.040 -0.046 -0.046 -0.040 -0.040 -0.040 -0.046 -0.046 -0.040 -0.040 -0.040
-0.040 -0.032 -0.032 -0.040 -0.032 -0.032 -0.040 -0.032 -0.032 -0.040 -0.032 -0.032 -0.040 -0.032 -0.032 -0.040 -0.032 -0.032 -0.040 -0.032 -0.032 -0.040 -0.032 -0.032 -0.040 -0.032 -0.032 -0.040 -0.032 -0.032 -0.046 -0.046 -0.040 -0.040 -0.040 -0.046 -0.046 -0.040 -0.040 -0.040 -0.046 -0.046 -0.040 -0.040 -0.040 -0.046 -0.046 -0.040 -0.040 -0.040 -0.046 -0.046 -0.040 -0.040 -0.040 -0.046 -0.046 -0.040 -0.040 -0.040 0.811 0.811 1.000 1.000 0.653 -0.046 -0.046 -0.040 -0.040 -0.040 -0.046 -0.046 -0.040 -0.040 -0.040 -0.046 -0.046 -0.040 -0.040 -0.040
-0.040 -0.032 -0.032 -0.040 -0.032 -0.032 -0.040 -0.032 -0.032 -0.040 -0.032 -0.032 -0.040 -0.032 -0.032 -0.040 -0.032 0.389 -0.026 0.389 -0.032 -0.040 -0.032 -0.032 -0.040 -0.032 -0.032 -0.040 -0.032 -0.032 -0.046 -0.046 -0.040 -0.040 -0.040 -0.046 -0.046 -0.040 -0.040 -0.040 -0.046 -0.046 -0.040 -0.040 -0.040 -0.046 -0.046 -0.040 -0.040 -0.040 -0.046 -0.046 -0.040 -0.040 -0.040 -0.046 -0.046 -0.040 -0.040 -0.040 0.389 0.389 0.653 0.653 1.000 -0.046 -0.046 -0.040 -0.040 -0.040 -0.046 -0.046 -0.040 -0.040 -0.040 -0.046 -0.046 -0.040 -0.040 -0.040
-0.046 -0.038 -0.038 -0.046 -0.038 -0.038 -0.046 -0.038 -0.038 -0.046 -0.038 -0.038 -0.046 -0.038 -0.038 -0.046 -0.038 -0.038 -0.046 -0.038 -0.038 0.256 -0.038 -0.038 -0.046 -0.038 -0.038 -0.046 -0.038 -0.038 -0.054 -0.054 -0.046 -0.046 -0.046 -0.054 -0.054 -0.046 -0.046 -0.046 -0.054 -0.054 -0.046 -0.046 -0.046 -0.054 -0.054 -0.046 -0.046 -0.046 -0.054 -0.054 -0.046 -0.046 -0.046 -0.054 -0.054 -0.046 -0.046 -0.046 -0.054 -0.054 -0.046 -0.046 -0.046 1.000 1.000 0.811 0.811 0.389 -0.054 -0.054 -0.046 -0.046 -0.046 -0.054 -0.054 -0.046 -0.046 -0.046
-0.046 -0.038 -0.038 -0.046 -0.038 -0.038 -0.046 -0.038 -0.038 -0.046 -0.038 -0.038 -0.046 -0.038 -0.038 -0.046 -0.038 -0.038 -0.046 -0.038 -0.038 0.256 -0.038 -0.038 -0.046 -0.038 -0.038 -0.046 -0.038 -0.038 -0.054 -0.054 -0.046 -0.046 -0.046 -0.054 -0.054 -0.046 -0.046 -0.046 -0.054 -0.054 -0.046 -0.046 -0.046 -0.054 -0.054 -0.046 -0.046 -0.046 -0.054 -0.054 -0.046 -0.046 -0.046 -0.054 -0.054 -0.046 -0.046 -0.046 -0.054 -0.054 -0.046 -0.046 -0.046 1.000 1.000 0.811 0.811 0.389 -0.054 -0.054 -0.046 -0.046 -0.046 -0.054 -0.054 -0.046 -0.046 -0.046
-0.040 -0.032 -0.032 -0.040 -0.032 -0.032 -0.040 -0.032 -0.032 -0.040 -0.032 -0.032 -0.040 -0.032 -0.032 -0.040 -0.032 -0.032 -0.040 -0.032 -0.032 -0.040 -0.032 -0.032 -0.040 -0.032 -0.032 -0.040 -0.032 -0.032 -0.046 -0.046 -0.040 -0.040 -0.040 -0.046 -0.046 -0.040 -0.040 -0.040 -0.046 -0.046 -0.040 -0.040 -0.040 -0.046 -0.046 -0.040 -0.040 -0.040 -0.046 -0.046 -0.040 -0.040 -0.040 -0.046 -0.046 -0.040 -0.040 -0.040 -0.046 -0.046 -0.040 -0.040 -0.040 0.811 0.811 1.000 1.000 0.653 -0.046 -0.046 -0.040 -0.040 -0.040 -0.046 -0.046 -0.040 -0.040 -0.040
-0.040 -0.032 -0.032 -0.040 -0.032 -0.032 -0.040 -0.032 -0.032 -0.040 -0.032 -0.032 -0.040 -0.032 -0.032 -0.040 -0.032 -0.032 -0.040 -0.032 -0.032 -0.040 -0.032 -0.032 -0.040 -0.032 -0.032 -0.040 -0.032 -0.032 -0.046 -0.046 -0.040 -0.040 -0.040 -0.046 -0.046 -0.040 -0.040 -0.040 -0.046 -0.046 -0.040 -0.040 -0.040 -0.046 -0.046 -0.040 -0.040 -0.040 -0.046 -0.046 -0.040 -0.040 -0.040 -0.046 -0.046 -0.040 -0.040 -0.040 -0.046 -0.046 -0.040 -0.040 -0.040 0.811 0.811 1.000 1.000 0.653 -0.046 -0.046 -0.040 -0.040 -0.040 -0.046 -0.046 -0.040 -0.040 -0.040
-0.040 -0.032 -0.032 -0.040 -0.032 -0.032 -0.040 -0.032 -0.032 -0.040 -0.032 -0.032 -0.040 -0.032 -0.032 -0.040 -0.032 -0.032 -0.040 -0.032 0.389 -0.026 0.389 -0.032 -0.040 -0.032 -0.032 -0.040 -0.032 -0.032 -0.046 -0.046 -0.040 -0.040 -0.040 -0.046 -0.046 -0.040 -0.040 -0.040 -0.046 -0.046 -0.040 -0.040 -0.040 -0.046 -0.046 -0.040 -0.040 -0.040 -0.046 -0.046 -0.040 -0.040 -0.040 -0.046 -0.046 -0.040 -0.040 -0.040 -0.046 -0.046 -0.040 -0.040 -0.040 0.389 0.389 0.653 0.653 1.000 -0.046 -0.046 -0.040 -0.040 -0.040 -0.046 -0.046 -0.040 -0.040 -0.040
-0.046 -0.038 -0.038 -0.046 -0.038 -0.038 -0.046 -0.038 -0.038 -0.046 -0.038 -0.038 -0.046 -0.038 -0.038 -0.046 -0.038 -0.038 -0.046 -0.038 -0.038 -0.046 -0.038 -0.038 0.256 -0.038 -0.038 -0.046 -0.038 -0.038 -0.054 -0.054 -0.046 -0.046 -0.046 -0.054 -0.054 -0.046 -0.046 -0.046 -0.054 -0.054 -0.046 -0.046 -0.046 -0.054 -0.054 -0.046 -0.046 -0.046 -0.054 -0.054 -0.046 -0.046 -0.046 -0.054 -0.054 -0.046 -0.046 -0.046 -0.054 -0.054 -0.046 -0.046 -0.046 -0.054 -0.054 -0.046 -0.046 -0.046 1.000 1.000 0.811 0.811 0.389 -0.054 -0.054 -0.046 -0.046 -0.046
-0.046 -0.038 -0.038 -0.046 -0.038 -0.038 -0.046 -0.038 -0.038 -0.046 -0.038 -0.038 -0.046 -0.038 -0.038 -0.046 -0.038 -0.038 -0.046 -0.038 -0.038 -0.046 -0.038 -0.038 0.256 -0.038 -0.038 -0.046 -0.038 -0.038 -0.054 -0.054 -0.046 -0.046 -0.046 -0.054 -0.054 -0.046 -0.046 -0.046 -0.054 -0.054 -0.046 -0.046 -0.046 -0.054 -0.054 -0.046 -0.046 -0.046 -0.054 -0.054 -0.046 -0.046 -0.046 -0.054 -0.054 -0.046 -0.046 -0.046 -0.054 -0.054 -0.046 -0.046 -0.046 -0.054 -0.054 -0.046 -0.046 -0.046 1.000 1.000 0.811 0.811 0.389 -0.054 -0.054 -0.046 -0.046 -0.046
-0.040 -0.032 -0.032 -0.040 -0.032 -0.032 -0.040 -0.032 -0.032 -0.040 -0.032 -0.032 -0.040 -0.032 -0.032 -0.040 -0.032 -0.032 -0.040 -0.032 -0.032 -0.040 -0.032 -0.032 -0.040 -0.032 -0.032 -0.040 -0.032 -0.032 -0.046 -0.046 -0.040 -0.040 -0.040 -0.046 -0.046 -0.040 -0.040 -0.040 -0.046 -0.046 -0.040 -0.040 -0.040 -0.046 -0.046 -0.040 -0.040 -0.040 -0.046 -0.046 -0.040 -0.040 -0.040 -0.046 -0.046 -0.040 -0.040 -0.040 -0.046 -0.046 -0.040 -0.040 -0.040 -0.046 -0.046 -0.040 -0.040 -0.040 0.811 0.811 1.000 1.000 0.653 -0.046 -0.046 -0.040 -0.040 -0.040
-0.040 -0.032 -0.032 -0.040 -0.032 -0.032 -0.040 -0.032 -0.032 -0.040 -0.032 -0.032 -0.040 -0.032 -0.032 -0.040 -0.032 -0.032 -0.040 -0.032 -0.032 -0.040 -0.032 -0.032 -0.040 -0.032 -0.032 -0.040 -0.032 -0.032 -0.046 -0.046 -0.040 -0.040 -0.040 -0.046 -0.046 -0.040 -0.040 -0.040 -0.046 -0.046 -0.040 -0.040 -0.040 -0.046 -0.046 -0.040 -0.040 -0.040 -0.046 -0.046 -0.040 -0.040 -0.040 -0.046 -0.046 -0.040 -0.040 -0.040 -0.046 -0.046 -0.040 -0.040 -0.040 -0.046 -0.046 -0.040 -0.040 -0.040 0.811 0.811 1.000 1.000 0.653 -0.046 -0.046 -0.040 -0.040 -0.040
-0.040 -0.032 -0.032 -0.040 -0.032 -0.032 -0.040 -0.032 -0.032 -0.040 -0.032 -0.032 -0.040 -0.032 -0.032 -0.040 -0.032 -0.032 -0.040 -0.032 -0.032 -0.040 -0.032 0.389 -0.026 0.389 -0.032 -0.040 -0.032 -0.032 -0.046 -0.046 -0.040 -0.040 -0.040 -0.046 -0.046 -0.040 -0.040 -0.040 -0.046 -0.046 -0.040 -0.040 -0.040 -0.046 -0.046 -0.040 -0.040 -0.040 -0.046 -0.046 -0.040 -0.040 -0.040 -0.046 -0.046 -0.040 -0.040 -0.040 -0.046 -0.046 -0.040 -0.040 -0.040 -0.046 -0.046 -0.040 -0.040 -0.040 0.389 0.389 0.653 0.653 1.000 -0.046 -0.046 -0.040 -0.040 -0.040
-0.046 -0.038 -0.038 -0.046 -0.038 -0.038 -0.046 -0.038 -0.038 -0.046 -0.038 -0.038 -0.046 -0.038 -0.038 -0.046 -0.038 -0.038 -0.046 -0.038 -0.038 -0.046 -0.038 -0.038 -0.046 -0.038 -0.038 0.256 -0.038 -0.038 -0.054 -0.054 -0.046 -0.046 -0.046 -0.054 -0.054 -0.046 -0.046 -0.046 -0.054 -0.054 -0.046 -0.046 -0.046 -0.054 -0.054 -0.046 -0.046 -0.046 -0.054 -0.054 -0.046 -0.046 -0.046 -0.054 -0.054 -0.046 -0.046 -0.046 -0.054 -0.054 -0.046 -0.046 -0.046 -0.054 -0.054 -0.046 -0.046 -0.046 -0.054 -0.054 -0.046 -0.046 -0.046 1.000 1.000 0.811 0.811 0.389
-0.046 -0.038 -0.038 -0.046 -0.038 -0.038 -0.046 -0.038 -0.038 -0.046 -0.038 -0.038 -0.046 -0.038 -0.038 -0.046 -0.038 -0.038 -0.046 -0.038 -0.038 -0.046 -0.038 -0.038 -0.046 -0.038 -0.038 0.256 -0.038 -0.038 -0.054 -0.054 -0.046 -0.046 -0.046 -0.054 -0.054 -0.046 -0.046 -0.046 -0.054 -0.054 -0.046 -0.046 -0.046 -0.054 -0.054 -0.046 -0.046 -0.046 -0.054 -0.054 -0.046 -0.046 -0.046 -0.054 -0.054 -0.046 -0.046 -0.046 -0.054 -0.054 -0.046 -0.046 -0.046 -0.054 -0.054 -0.046 -0.046 -0.046 -0.054 -0.054 -0.046 -0.046 -0.046 1.000 1.000 0.811 0.811 0.389
-0.040 -0.032 -0.032 -0.040 -0.032 -0.032 -0.040 -0.032 -0.032 -0.040 -0.032 -0.032 -0.040 -0.032 -0.032 -0.040 -0.032 -0.032 -0.040 -0.032 -0.032 -0.040 -0.032 -0.032 -0.040 -0.032 -0.032 -0.040 -0.032 -0.032 -0.046 -0.046 -0.040 -0.040 -0.040 -0.046 -0.046 -0.040 -0.040 -0.040 -0.046 -0.046 -0.040 -0.040 -0.040 -0.046 -0.046 -0.040 -0.040 -0.040 -0.046 -0.046 -0.040 -0.040 -0.040 -0.046 -0.046 -0.040 -0.040 -0.040 -0.046 -0.046 -0.040 -0.040 -0.040 -0.046 -0.046 -0.040 -0.040 -0.040 -0.046 -0.046 -0.040 -0.040 -0.040 0.811 0.811 1.000 1.000 0.653
-0.040 -0.032 -0.032 -0.040 -0.032 -0.032 -0.040 -0.032 -0.032 -0.040 -0.032 -0.032 -0.040 -0.032 -0.032 -0.040 -0.032 -0.032 -0.040 -0.032 -0.032 -0.040 -0.032 -0.032 -0.040 -0.032 -0.032 -0.040 -0.032 -0.032 -0.046 -0.046 -0.040 -0.040 -0.040 -0.046 -0.046 -0.040 -0.040 -0.040 -0.046 -0.046 -0.040 -0.040 -0.040 -0.046 -0.046 -0.040 -0.040 -0.040 -0.046 -0.046 -0.040 -0.040 -0.040 -0.046 -0.046 -0.040 -0.040 -0.040 -0.046 -0.046 -0.040 -0.040 -0.040 -0.046 -0.046 -0.040 -0.040 -0.040 -0.046 -0.046 -0.040 -0.040 -0.040 0.811 0.811 1.000 1.000 0.653
-0.040 -0.032 -0.032 -0.040 -0.032 -0.032 -0.040 -0.032 -0.032 -0.040 -0.032 -0.032 -0.040 -0.032 -0.032 -0.040 -0.032 -0.032 -0.040 -0.032 -0.032 -0.040 -0.032 -0.032 -0.040 -0.032 0.389 -0.026 0.389 -0.032 -0.046 -0.046 -0.040 -0.040 -0.040 -0.046 -0.046 -0.040 -0.040 -0.040 -0.046 -0.046 -0.040 -0.040 -0.040 -0.046 -0.046 -0.040 -0.040 -0.040 -0.046 -0.046 -0.040 -0.040 -0.040 -0.046 -0.046 -0.040 -0.040 -0.040 -0.046 -0.046 -0.040 -0.040 -0.040 -0.046 -0.046 -0.040 -0.040 -0.040 -0.046 -0.046 -0.040 -0.040 -0.040 0.389 0.389 0.653 0.653 1.000
