0.000 62.826 62.826 0.000 62.826 62.826 0.000 62.826 62.826 0.000 62.826 62.826 0.000 62.826 62.826 0.000 62.826 62.826 0.000 62.826 62.826 0.000 62.826 62.826 0.000 62.826 62.826 0.000 62.826 62.826 73.052 73.052 67.947 67.947 21.907 73.052 73.052 67.947 67.947 21.907 73.052 73.052 67.947 67.947 21.907 73.052 73.052 67.947 67.947 21.907 73.052 73.052 67.947 67.947 21.907 73.052 73.052 67.947 67.947 21.907 73.052 73.052 67.947 67.947 21.907 73.052 73.052 67.947 67.947 21.907 73.052 73.052 67.947 67.947 21.907 73.052 73.052 67.947 67.947 21.907
62.826 0.000 0.000 62.826 0.000 0.000 62.826 0.000 0.000 62.826 0.000 0.000 62.826 0.000 0.000 62.826 0.000 0.000 62.826 0.000 0.000 62.826 0.000 0.000 62.826 0.000 0.000 62.826 0.000 0.000 87.609 87.609 78.805 78.805 65.470 87.609 87.609 78.805 78.805 65.470 87.609 87.609 78.805 78.805 65.470 87.609 87.609 78.805 78.805 65.470 87.609 87.609 78.805 78.805 65.470 87.609 87.609 78.805 78.805 65.470 87.609 87.609 78.805 78.805 65.470 87.609 87.609 78.805 78.805 65.470 87.609 87.609 78.805 78.805 65.470 87.609 87.609 78.805 78.805 65.470
62.826 0.000 0.000 62.826 0.000 0.000 62.826 0.000 0.000 62.826 0.000 0.000 62.826 0.000 0.000 62.826 0.000 0.000 62.826 0.000 0.000 62.826 0.000 0.000 62.826 0.000 0.000 62.826 0.000 0.000 87.609 87.609 78.805 78.805 65.470 87.609 87.609 78.805 78.805 65.470 87.609 87.609 78.805 78.805 65.470 87.609 87.609 78.805 78.805 65.470 87.609 87.609 78.805 78.805 65.470 87.609 87.609 78.805 78.805 65.470 87.609 87.609 78.805 78.805 65.470 87.609 87.609 78.805 78.805 65.470 87.609 87.609 78.805 78.805 65.470 87.609 87.609 78.805 78.805 65.470
0.000 62.826 62.826 0.000 62.826 62.826 0.000 62.826 62.826 0.000 62.826 62.826 0.000 62.826 62.826 0.000 62.826 62.826 0.000 62.826 62.826 0.000 62.826 62.826 0.000 62.826 62.826 0.000 62.826 62.826 73.052 73.052 67.947 67.947 21.907 73.052 73.052 67.947 67.947 21.907 73.052 73.052 67.947 67.947 21.907 73.052 73.052 67.947 67.947 21.907 73.052 73.052 67.947 67.947 21.907 73.052 73.052 67.947 67.947 21.907 73.052 73.052 67.947 67.947 21.907 73.052 73.052 67.947 67.947 21.907 73.052 73.052 67.947 67.947 21.907 73.052 73.052 67.947 67.947 21.907
62.826 0.000 0.000 62.826 0.000 0.000 62.826 0.000 0.000 62.826 0.000 0.000 62.826 0.000 0.000 62.826 0.000 0.000 62.826 0.000 0.000 62.826 0.000 0.000 62.826 0.000 0.000 62.826 0.000 0.000 87.609 87.609 78.805 78.805 65.470 87.609 87.609 78.805 78.805 65.470 87.609 87.609 78.805 78.805 65.470 87.609 87.609 78.805 78.805 65.470 87.609 87.609 78.805 78.805 65.470 87.609 87.609 78.805 78.805 65.470 87.609 87.609 78.805 78.805 65.470 87.609 87.609 78.805 78.805 65.470 87.609 87.609 78.805 78.805 65.470 87.609 87.609 78.805 78.805 65.470
62.826 0.000 0.000 62.826 0.000 0.000 62.826 0.000 0.000 62.826 0.000 0.000 62.826 0.000 0.000 62.826 0.000 0.000 62.826 0.000 0.000 62.826 0.000 0.000 62.826 0.000 0.000 62.826 0.000 0.000 87.609 87.609 78.805 78.805 65.470 87.609 87.609 78.805 78.805 65.470 87.609 87.609 78.805 78.805 65.470 87.609 87.609 78.805 78.805 65.470 87.609 87.609 78.805 78.805 65.470 87.609 87.609 78.805 78.805 65.470 87.609 87.609 78.805 78.805 65.470 87.609 87.609 78.805 78.805 65.470 87.609 87.609 78.805 78.805 65.470 87.609 87.609 78.805 78.805 65.470
0.000 62.826 62.826 0.000 62.826 62.826 0.000 62.826 62.826 0.000 62.826 62.826 0.000 62.826 62.826 0.000 62.826 62.826 0.000 62.826 62.826 0.000 62.826 62.826 0.000 62.826 62.826 0.000 62.826 62.826 73.052 73.052 67.947 67.947 21.907 73.052 73.052 67.947 67.947 21.907 73.052 73.052 67.947 67.947 21.907 73.052 73.052 67.947 67.947 21.907 73.052 73.052 67.947 67.947 21.907 73.052 73.052 67.947 67.947 21.907 73.052 73.052 67.947 67.947 21.907 73.052 73.052 67.947 67.947 21.907 73.052 73.052 67.947 67.947 21.907 73.052 73.052 67.947 67.947 21.907
62.826 0.000 0.000 62.826 0.000 0.000 62.826 0.000 0.000 62.826 0.000 0.000 62.826 0.000 0.000 62.826 0.000 0.000 62.826 0.000 0.000 62.826 0.000 0.000 62.826 0.000 0.000 62.826 0.000 0.000 87.609 87.609 78.805 78.805 65.470 87.609 87.609 78.805 78.805 65.470 87.609 87.609 78.805 78.805 65.470 87.609 87.609 78.805 78.805 65.470 87.609 87.609 78.805 78.805 65.470 87.609 87.609 78.805 78.805 65.470 87.609 87.609 78.805 78.805 65.470 87.609 87.609 78.805 78.805 65.470 87.609 87.609 78.805 78.805 65.470 87.609 87.609 78.805 78.805 65.470
62.826 0.000 0.000 62.826 0.000 0.000 62.826 0.000 0.000 62.826 0.000 0.000 62.826 0.000 0.000 62.826 0.000 0.000 62.826 0.000 0.000 62.826 0.000 0.000 62.826 0.000 0.000 62.826 0.000 0.000 87.609 87.609 78.805 78.805 65.470 87.609 87.609 78.805 78.805 65.470 87.609 87.609 78.805 78.805 65.470 87.609 87.609 78.805 78.805 65.470 87.609 87.609 78.805 78.805 65.470 87.609 87.609 78.805 78.805 65.470 87.609 87.609 78.805 78.805 65.470 87.609 87.609 78.805 78.805 65.470 87.609 87.609 78.805 78.805 65.470 87.609 87.609 78.805 78.805 65.470
0.000 62.826 62.826 0.000 62.826 62.826 0.000 62.826 62.826 0.000 62.826 62.826 0.000 62.826 62.826 0.000 62.826 62.826 0.000 62.826 62.826 0.000 62.826 62.826 0.000 62.826 62.826 0.000 62.826 62.826 73.052 73.052 67.947 67.947 21.907 73.052 73.052 67.947 67.947 21.907 73.052 73.052 67.947 67.947 21.907 73.052 73.052 67.947 67.947 21.907 73.052 73.052 67.947 67.947 21.907 73.052 73.052 67.947 67.947 21.907 73.052 73.052 67.947 67.947 21.907 73.052 73.052 67.947 67.947 21.907 73.052 73.052 67.947 67.947 21.907 73.052 73.052 67.947 67.947 21.907
62.826 0.000 0.000 62.826 0.000 0.000 62.826 0.000 0.000 62.826 0.000 0.000 62.826 0.000 0.000 62.826 0.000 0.000 62.826 0.000 0.000 62.826 0.000 0.000 62.826 0.000 0.000 62.826 0.000 0.000 87.609 87.609 78.805 78.805 65.470 87.609 87.609 78.805 78.805 65.470 87.609 87.609 78.805 78.805 65.470 87.609 87.609 78.805 78.805 65.470 87.609 87.609 78.805 78.805 65.470 87.609 87.609 78.805 78.805 65.470 87.609 87.609 78.805 78.805 65.470 87.609 87.609 78.805 78.805 65.470 87.609 87.609 78.805 78.805 65.470 87.609 87.609 78.805 78.805 65.470
62.826 0.000 0.000 62.826 0.000 0.000 62.826 0.000 0.000 62.826 0.000 0.000 62.826 0.000 0.000 62.826 0.000 0.000 62.826 0.000 0.000 62.826 0.000 0.000 62.826 0.000 0.000 62.826 0.000 0.000 87.609 87.609 78.805 78.805 65.470 87.609 87.609 78.805 78.805 65.470 87.609 87.609 78.805 78.805 65.470 87.609 87.609 78.805 78.805 65.470 87.609 87.609 78.805 78.805 65.470 87.609 87.609 78.805 78.805 65.470 87.609 87.609 78.805 78.805 65.470 87.609 87.609 78.805 78.805 65.470 87.609 87.609 78.805 78.805 65.470 87.609 87.609 78.805 78.805 65.470
0.000 62.826 62.826 0.000 62.826 62.826 0.000 62.826 62.826 0.000 62.826 62.826 0.000 62.826 62.826 0.000 62.826 62.826 0.000 62.826 62.826 0.000 62.826 62.826 0.000 62.826 62.826 0.000 62.826 62.826 73.052 73.052 67.947 67.947 21.907 73.052 73.052 67.947 67.947 21.907 73.052 73.052 67.947 67.947 21.907 73.052 73.052 67.947 67.947 21.907 73.052 73.052 67.947 67.947 21.907 73.052 73.052 67.947 67.947 21.907 73.052 73.052 67.947 67.947 21.907 73.052 73.052 67.947 67.947 21.907 73.052 73.052 67.947 67.947 21.907 73.052 73.052 67.947 67.947 21.907
62.826 0.000 0.000 62.826 0.000 0.000 62.826 0.000 0.000 62.826 0.000 0.000 62.826 0.000 0.000 62.826 0.000 0.000 62.826 0.000 0.000 62.826 0.000 0.000 62.826 0.000 0.000 62.826 0.000 0.000 87.609 87.609 78.805 78.805 65.470 87.609 87.609 78.805 78.805 65.470 87.609 87.609 78.805 78.805 65.470 87.609 87.609 78.805 78.805 65.470 87.609 87.609 78.805 78.805 65.470 87.609 87.609 78.805 78.805 65.470 87.609 87.609 78.805 78.805 65.470 87.609 87.609 78.805 78.805 65.470 87.609 87.609 78.805 78.805 65.470 87.609 87.609 78.805 78.805 65.470
62.826 0.000 0.000 62.826 0.000 0.000 62.826 0.000 0.000 62.826 0.000 0.000 62.826 0.000 0.000 62.826 0.000 0.000 62.826 0.000 0.000 62.826 0.000 0.000 62.826 0.000 0.000 62.826 0.000 0.000 87.609 87.609 78.805 78.805 65.470 87.609 87.609 78.805 78.805 65.470 87.609 87.609 78.805 78.805 65.470 87.609 87.609 78.805 78.805 65.470 87.609 87.609 78.805 78.805 65.470 87.609 87.609 78.805 78.805 65.470 87.609 87.609 78.805 78.805 65.470 87.609 87.609 78.805 78.805 65.470 87.609 87.609 78.805 78.805 65.470 87.609 87.609 78.805 78.805 65.470
0.000 62.826 62.826 0.000 62.826 62.826 0.000 62.826 62.826 0.000 62.826 62.826 0.000 62.826 62.826 0.000 62.826 62.826 0.000 62.826 62.826 0.000 62.826 62.826 0.000 62.826 62.826 0.000 62.826 62.826 73.052 73.052 67.947 67.947 21.907 73.052 73.052 67.947 67.947 21.907 73.052 73.052 67.947 67.947 21.907 73.052 73.052 67.947 67.947 21.907 73.052 73.052 67.947 67.947 21.907 73.052 73.052 67.947 67.947 21.907 73.052 73.052 67.947 67.947 21.907 73.052 73.052 67.947 67.947 21.907 73.052 73.052 67.947 67.947 21.907 73.052 73.052 67.947 67.947 21.907
62.826 0.000 0.000 62.826 0.000 0.000 62.826 0.000 0.000 62.826 0.000 0.000 62.826 0.000 0.000 62.826 0.000 0.000 62.826 0.000 0.000 62.826 0.000 0.000 62.826 0.000 0.000 62.826 0.000 0.000 87.609 87.609 78.805 78.805 65.470 87.609 87.609 78.805 78.805 65.470 87.609 87.609 78.805 78.805 65.470 87.609 87.609 78.805 78.805 65.470 87.609 87.609 78.805 78.805 65.470 87.609 87.609 78.805 78.805 65.470 87.609 87.609 78.805 78.805 65.470 87.609 87.609 78.805 78.805 65.470 87.609 87.609 78.805 78.805 65.470 87.609 87.609 78.805 78.805 65.470
62.826 0.000 0.000 62.826 0.000 0.000 62.826 0.000 0.000 62.826 0.000 0.000 62.826 0.000 0.000 62.826 0.000 0.000 62.826 0.000 0.000 62.826 0.000 0.000 62.826 0.000 0.000 62.826 0.000 0.000 87.609 87.609 78.805 78.805 65.470 87.609 87.609 78.805 78.805 65.470 87.609 87.609 78.805 78.805 65.470 87.609 87.609 78.805 78.805 65.470 87.609 87.609 78.805 78.805 65.470 87.609 87.609 78.805 78.805 65.470 87.609 87.609 78.805 78.805 65.470 87.609 87.609 78.805 78.805 65.470 87.609 87.609 78.805 78.805 65.470 87.609 87.609 78.805 78.805 65.470
0.000 62.826 62.826 0.000 62.826 62.826 0.000 62.826 62.826 0.000 62.826 62.826 0.000 62.826 62.826 0.000 62.826 62.826 0.000 62.826 62.826 0.000 62.826 62.826 0.000 62.826 62.826 0.000 62.826 62.826 73.052 73.052 67.947 67.947 21.907 73.052 73.052 67.947 67.947 21.907 73.052 73.052 67.947 67.947 21.907 73.052 73.052 67.947 67.947 21.907 73.052 73.052 67.947 67.947 21.907 73.052 73.052 67.947 67.947 21.907 73.052 73.052 67.947 67.947 21.907 73.052 73.052 67.947 67.947 21.907 73.052 73.052 67.947 67.947 21.907 73.052 73.052 67.947 67.947 21.907
62.826 0.000 0.000 62.826 0.000 0.000 62.826 0.000 0.000 62.826 0.000 0.000 62.826 0.000 0.000 62.826 0.000 0.000 62.826 0.000 0.000 62.826 0.000 0.000 62.826 0.000 0.000 62.826 0.000 0.000 87.609 87.609 78.805 78.805 65.470 87.609 87.609 78.805 78.805 65.470 87.609 87.609 78.805 78.805 65.470 87.609 87.609 78.805 78.805 65.470 87.609 87.609 78.805 78.805 65.470 87.609 87.609 78.805 78.805 65.470 87.609 87.609 78.805 78.805 65.470 87.609 87.609 78.805 78.805 65.470 87.609 87.609 78.805 78.805 65.470 87.609 87.609 78.805 78.805 65.470
62.826 0.000 0.000 62.826 0.000 0.000 62.826 0.000 0.000 62.826 0.000 0.000 62.826 0.000 0.000 62.826 0.000 0.000 62.826 0.000 0.000 62.826 0.000 0.000 62.826 0.000 0.000 62.826 0.000 0.000 87.609 87.609 78.805 78.805 65.470 87.609 87.609 78.805 78.805 65.470 87.609 87.609 78.805 78.805 65.470 87.609 87.609 78.805 78.805 65.470 87.609 87.609 78.805 78.805 65.470 87.609 87.609 78.805 78.805 65.470 87.609 87.609 78.805 78.805 65.470 87.609 87.609 78.805 78.805 65.470 87.609 87.609 78.805 78.805 65.470 87.609 87.609 78.805 78.805 65.470
0.000 62.826 62.826 0.000 62.826 62.826 0.000 62.826 62.826 0.000 62.826 62.826 0.000 62.826 62.826 0.000 62.826 62.826 0.000 62.826 62.826 0.000 62.826 62.826 0.000 62.826 62.826 0.000 62.826 62.826 73.052 73.052 67.947 67.947 21.907 73.052 73.052 67.947 67.947 21.907 73.052 73.052 67.947 67.947 21.907 73.052 73.052 67.947 67.947 21.907 73.052 73.052 67.947 67.947 21.907 73.052 73.052 67.947 67.947 21.907 73.052 73.052 67.947 67.947 21.907 73.052 73.052 67.947 67.947 21.907 73.052 73.052 67.947 67.947 21.907 73.052 73.052 67.947 67.947 21.907
62.826 0.000 0.000 62.826 0.000 0.000 62.826 0.000 0.000 62.826 0.000 0.000 62.826 0.000 0.000 62.826 0.000 0.000 62.826 0.000 0.000 62.826 0.000 0.000 62.826 0.000 0.000 62.826 0.000 0.000 87.609 87.609 78.805 78.805 65.470 87.609 87.609 78.805 78.805 65.470 87.609 87.609 78.805 78.805 65.470 87.609 87.609 78.805 78.805 65.470 87.609 87.609 78.805 78.805 65.470 87.609 87.609 78.805 78.805 65.470 87.609 87.609 78.805 78.805 65.470 87.609 87.609 78.805 78.805 65.470 87.609 87.609 78.805 78.805 65.470 87.609 87.609 78.805 78.805 65.470
62.826 0.000 0.000 62.826 0.000 0.000 62.826 0.000 0.000 62.826 0.000 0.000 62.826 0.000 0.000 62.826 0.000 0.000 62.826 0.000 0.000 62.826 0.000 0.000 62.826 0.000 0.000 62.826 0.000 0.000 87.609 87.609 78.805 78.805 65.470 87.609 87.609 78.805 78.805 65.470 87.609 87.609 78.805 78.805 65.470 87.609 87.609 78.805 78.805 65.470 87.609 87.609 78.805 78.805 65.470 87.609 87.609 78.805 78.805 65.470 87.609 87.609 78.805 78.805 65.470 87.609 87.609 78.805 78.805 65.470 87.609 87.609 78.805 78.805 65.470 87.609 87.609 78.805 78.805 65.470
0.000 62.826 62.826 0.000 62.826 62.826 0.000 62.826 62.826 0.000 62.826 62.826 0.000 62.826 62.826 0.000 62.826 62.826 0.000 62.826 62.826 0.000 62.826 62.826 0.000 62.826 62.826 0.000 62.826 62.826 73.052 73.052 67.947 67.947 21.907 73.052 73.052 67.947 67.947 21.907 73.052 73.052 67.947 67.947 21.907 73.052 73.052 67.947 67.947 21.907 73.052 73.052 67.947 67.947 21.907 73.052 73.052 67.947 67.947 21.907 73.052 73.052 67.947 67.947 21.907 73.052 73.052 67.947 67.947 21.907 73.052 73.052 67.947 67.947 21.907 73.052 73.052 67.947 67.947 21.907
62.826 0.000 0.000 62.826 0.000 0.000 62.826 0.000 0.000 62.826 0.000 0.000 62.826 0.000 0.000 62.826 0.000 0.000 62.826 0.000 0.000 62.826 0.000 0.000 62.826 0.000 0.000 62.826 0.000 0.000 87.609 87.609 78.805 78.805 65.470 87.609 87.609 78.805 78.805 65.470 87.609 87.609 78.805 78.805 65.470 87.609 87.609 78.805 78.805 65.470 87.609 87.609 78.805 78.805 65.470 87.609 87.609 78.805 78.805 65.470 87.609 87.609 78.805 78.805 65.470 87.609 87.609 78.805 78.805 65.470 87.609 87.609 78.805 78.805 65.470 87.609 87.609 78.805 78.805 65.470
62.826 0.000 0.000 62.826 0.000 0.000 62.826 0.000 0.000 62.826 0.000 0.000 62.826 0.000 0.000 62.826 0.000 0.000 62.826 0.000 0.000 62.826 0.000 0.000 62.826 0.000 0.000 62.826 0.000 0.000 87.609 87.609 78.805 78.805 65.470 87.609 87.609 78.805 78.805 65.470 87.609 87.609 78.805 78.805 65.470 87.609 87.609 78.805 78.805 65.470 87.609 87.609 78.805 78.805 65.470 87.609 87.609 78.805 78.805 65.470 87.609 87.609 78.805 78.805 65.470 87.609 87.609 78.805 78.805 65.470 87.609 87.609 78.805 78.805 65.470 87.609 87.609 78.805 78.805 65.470
0.000 62.826 62.826 0.000 62.826 62.826 0.000 62.826 62.826 0.000 62.826 62.826 0.000 62.826 62.826 0.000 62.826 62.826 0.000 62.826 62.826 0.000 62.826 62.826 0.000 62.826 62.826 0.000 62.826 62.826 73.052 73.052 67.947 67.947 21.907 73.052 73.052 67.947 67.947 21.907 73.052 73.052 67.947 67.947 21.907 73.052 73.052 67.947 67.947 21.907 73.052 73.052 67.947 67.947 21.907 73.052 73.052 67.947 67.947 21.907 73.052 73.052 67.947 67.947 21.907 73.052 73.052 67.947 67.947 21.907 73.052 73.052 67.947 67.947 21.907 73.052 73.052 67.947 67.947 21.907
62.826 0.000 0.000 62.826 0.000 0.000 62.826 0.000 0.000 62.826 0.000 0.000 62.826 0.000 0.000 62.826 0.000 0.000 62.826 0.000 0.000 62.826 0.000 0.000 62.826 0.000 0.000 62.826 0.000 0.000 87.609 87.609 78.805 78.805 65.470 87.609 87.609 78.805 78.805 65.470 87.609 87.609 78.805 78.805 65.470 87.609 87.609 78.805 78.805 65.470 87.609 87.609 78.805 78.805 65.470 87.609 87.609 78.805 78.805 65.470 87.609 87.609 78.805 78.805 65.470 87.609 87.609 78.805 78.805 65.470 87.609 87.609 78.805 78.805 65.470 87.609 87.609 78.805 78.805 65.470
62.826 0.000 0.000 62.826 0.000 0.000 62.826 0.000 0.000 62.826 0.000 0.000 62.826 0.000 0.000 62.826 0.000 0.000 62.826 0.000 0.000 62.826 0.000 0.000 62.826 0.000 0.000 62.826 0.000 0.000 87.609 87.609 78.805 78.805 65.470 87.609 87.609 78.805 78.805 65.470 87.609 87.609 78.805 78.805 65.470 87.609 87.609 78.805 78.805 65.470 87.609 87.609 78.805 78.805 65.470 87.609 87.609 78.805 78.805 65.470 87.609 87.609 78.805 78.805 65.470 87.609 87.609 78.805 78.805 65.470 87.609 87.609 78.805 78.805 65.470 87.609 87.609 78.805 78.805 65.470
73.052 87.609 87.609 73.052 87.609 87.609 73.052 87.609 87.609 73.052 87.609 87.609 73.052 87.609 87.609 73.052 87.609 87.609 73.052 87.609 87.609 73.052 87.609 87.609 73.052 87.609 87.609 73.052 87.609 87.609 0.000 0.000 61.830 61.830 64.874 0.000 0.000 61.830 61.830 64.874 0.000 0.000 61.830 61.830 64.874 0.000 0.000 61.830 61.830 64.874 0.000 0.000 61.830 61.830 64.874 0.000 0.000 61.830 61.830 64.874 0.000 0.000 61.830 61.830 64.874 0.000 0.000 61.830 61.830 64.874 0.000 0.000 61.830 61.830 64.874 0.000 0.000 61.830 61.830 64.874
73.052 87.609 87.609 73.052 87.609 87.609 73.052 87.609 87.609 73.052 87.609 87.609 73.052 87.609 87.609 73.052 87.609 87.609 73.052 87.609 87.609 73.052 87.609 87.609 73.052 87.609 87.609 73.052 87.609 87.609 0.000 0.000 61.830 61.830 64.874 0.000 0.000 61.830 61.830 64.874 0.000 0.000 61.830 61.830 64.874 0.000 0.000 61.830 61.830 64.874 0.000 0.000 61.830 61.830 64.874 0.000 0.000 61.830 61.830 64.874 0.000 0.000 61.830 61.830 64.874 0.000 0.000 61.830 61.830 64.874 0.000 0.000 61.830 61.830 64.874 0.000 0.000 61.830 61.830 64.874
67.947 78.805 78.805 67.947 78.805 78.805 67.947 78.805 78.805 67.947 78.805 78.805 67.947 78.805 78.805 67.947 78.805 78.805 67.947 78.805 78.805 67.947 78.805 78.805 67.947 78.805 78.805 67.947 78.805 78.805 61.830 61.830 0.000 0.000 54.927 61.830 61.830 0.000 0.000 54.927 61.830 61.830 0.000 0.000 54.927 61.830 61.830 0.000 0.000 54.927 61.830 61.830 0.000 0.000 54.927 61.830 61.830 0.000 0.000 54.927 61.830 61.830 0.000 0.000 54.927 61.830 61.830 0.000 0.000 54.927 61.830 61.830 0.000 0.000 54.927 61.830 61.830 0.000 0.000 54.927
67.947 78.805 78.805 67.947 78.805 78.805 67.947 78.805 78.805 67.947 78.805 78.805 67.947 78.805 78.805 67.947 78.805 78.805 67.947 78.805 78.805 67.947 78.805 78.805 67.947 78.805 78.805 67.947 78.805 78.805 61.830 61.830 0.000 0.000 54.927 61.830 61.830 0.000 0.000 54.927 61.830 61.830 0.000 0.000 54.927 61.830 61.830 0.000 0.000 54.927 61.830 61.830 0.000 0.000 54.927 61.830 61.830 0.000 0.000 54.927 61.830 61.830 0.000 0.000 54.927 61.830 61.830 0.000 0.000 54.927 61.830 61.830 0.000 0.000 54.927 61.830 61.830 0.000 0.000 54.927
21.907 65.470 65.470 21.907 65.470 65.470 21.907 65.470 65.470 21.907 65.470 65.470 21.907 65.470 65.470 21.907 65.470 65.470 21.907 65.470 65.470 21.907 65.470 65.470 21.907 65.470 65.470 21.907 65.470 65.470 64.874 64.874 54.927 54.927 0.000 64.874 64.874 54.927 54.927 0.000 64.874 64.874 54.927 54.927 0.000 64.874 64.874 54.927 54.927 0.000 64.874 64.874 54.927 54.927 0.000 64.874 64.874 54.927 54.927 0.000 64.874 64.874 54.927 54.927 0.000 64.874 64.874 54.927 54.927 0.000 64.874 64.874 54.927 54.927 0.000 64.874 64.874 54.927 54.927 0.000
73.052 87.609 87.609 73.052 87.609 87.609 73.052 87.609 87.609 73.052 87.609 87.609 73.052 87.609 87.609 73.052 87.609 87.609 73.052 87.609 87.609 73.052 87.609 87.609 73.052 87.609 87.609 73.052 87.609 87.609 0.000 0.000 61.830 61.830 64.874 0.000 0.000 61.830 61.830 64.874 0.000 0.000 61.830 61.830 64.874 0.000 0.000 61.830 61.830 64.874 0.000 0.000 61.830 61.830 64.874 0.000 0.000 61.830 61.830 64.874 0.000 0.000 61.830 61.830 64.874 0.000 0.000 61.830 61.830 64.874 0.000 0.000 61.830 61.830 64.874 0.000 0.000 61.830 61.830 64.874
73.052 87.609 87.609 73.052 87.609 87.609 73.052 87.609 87.609 73.052 87.609 87.609 73.052 87.609 87.609 73.052 87.609 87.609 73.052 87.609 87.609 73.052 87.609 87.609 73.052 87.609 87.609 73.052 87.609 87.609 0.000 0.000 61.830 61.830 64.874 0.000 0.000 61.830 61.830 64.874 0.000 0.000 61.830 61.830 64.874 0.000 0.000 61.830 61.830 64.874 0.000 0.000 61.830 61.830 64.874 0.000 0.000 61.830 61.830 64.874 0.000 0.000 61.830 61.830 64.874 0.000 0.000 61.830 61.830 64.874 0.000 0.000 61.830 61.830 64.874 0.000 0.000 61.830 61.830 64.874
67.947 78.805 78.805 67.947 78.805 78.805 67.947 78.805 78.805 67.947 78.805 78.805 67.947 78.805 78.805 67.947 78.805 78.805 67.947 78.805 78.805 67.947 78.805 78.805 67.947 78.805 78.805 67.947 78.805 78.805 61.830 61.830 0.000 0.000 54.927 61.830 61.830 0.000 0.000 54.927 61.830 61.830 0.000 0.000 54.927 61.830 61.830 0.000 0.000 54.927 61.830 61.830 0.000 0.000 54.927 61.830 61.830 0.000 0.000 54.927 61.830 61.830 0.000 0.000 54.927 61.830 61.830 0.000 0.000 54.927 61.830 61.830 0.000 0.000 54.927 61.830 61.830 0.000 0.000 54.927
67.947 78.805 78.805 67.947 78.805 78.805 67.947 78.805 78.805 67.947 78.805 78.805 67.947 78.805 78.805 67.947 78.805 78.805 67.947 78.805 78.805 67.947 78.805 78.805 67.947 78.805 78.805 67.947 78.805 78.805 61.830 61.830 0.000 0.000 54.927 61.830 61.830 0.000 0.000 54.927 61.830 61.830 0.000 0.000 54.927 61.830 61.830 0.000 0.000 54.927 61.830 61.830 0.000 0.000 54.927 61.830 61.830 0.000 0.000 54.927 61.830 61.830 0.000 0.000 54.927 61.830 61.830 0.000 0.000 54.927 61.830 61.830 0.000 0.000 54.927 61.830 61.830 0.000 0.000 54.927
21.907 65.470 65.470 21.907 65.470 65.470 21.907 65.470 65.470 21.907 65.470 65.470 21.907 65.470 65.470 21.907 65.470 65.470 21.907 65.470 65.470 21.907 65.470 65.470 21.907 65.470 65.470 21.907 65.470 65.470 64.874 64.874 54.927 54.927 0.000 64.874 64.874 54.927 54.927 0.000 64.874 64.874 54.927 54.927 0.000 64.874 64.874 54.927 54.927 0.000 64.874 64.874 54.927 54.927 0.000 64.874 64.874 54.927 54.927 0.000 64.874 64.874 54.927 54.927 0.000 64.874 64.874 54.927 54.927 0.000 64.874 64.874 54.927 54.927 0.000 64.874 64.874 54.927 54.927 0.000
73.052 87.609 87.609 73.052 87.609 87.609 73.052 87.609 87.609 73.052 87.609 87.609 73.052 87.609 87.609 73.052 87.609 87.609 73.052 87.609 87.609 73.052 87.609 87.609 73.052 87.609 87.609 73.052 87.609 87.609 0.000 0.000 61.830 61.830 64.874 0.000 0.000 61.830 61.830 64.874 0.000 0.000 61.830 61.830 64.874 0.000 0.000 61.830 61.830 64.874 0.000 0.000 61.830 61.830 64.874 0.000 0.000 61.830 61.830 64.874 0.000 0.000 61.830 61.830 64.874 0.000 0.000 61.830 61.830 64.874 0.000 0.000 61.830 61.830 64.874 0.000 0.000 61.830 61.830 64.874
73.052 87.609 87.609 73.052 87.609 87.609 73.052 87.609 87.609 73.052 87.609 87.609 73.052 87.609 87.609 73.052 87.609 87.609 73.052 87.609 87.609 73.052 87.609 87.609 73.052 87.609 87.609 73.052 87.609 87.609 0.000 0.000 61.830 61.830 64.874 0.000 0.000 61.830 61.830 64.874 0.000 0.000 61.830 61.830 64.874 0.000 0.000 61.830 61.830 64.874 0.000 0.000 61.830 61.830 64.874 0.000 0.000 61.830 61.830 64.874 0.000 0.000 61.830 61.830 64.874 0.000 0.000 61.830 61.830 64.874 0.000 0.000 61.830 61.830 64.874 0.000 0.000 61.830 61.830 64.874
67.947 78.805 78.805 67.947 78.805 78.805 67.947 78.805 78.805 67.947 78.805 78.805 67.947 78.805 78.805 67.947 78.805 78.805 67.947 78.805 78.805 67.947 78.805 78.805 67.947 78.805 78.805 67.947 78.805 78.805 61.830 61.830 0.000 0.000 54.927 61.830 61.830 0.000 0.000 54.927 61.830 61.830 0.000 0.000 54.927 61.830 61.830 0.000 0.000 54.927 61.830 61.830 0.000 0.000 54.927 61.830 61.830 0.000 0.000 54.927 61.830 61.830 0.000 0.000 54.927 61.830 61.830 0.000 0.000 54.927 61.830 61.830 0.000 0.000 54.927 61.830 61.830 0.000 0.000 54.927
67.947 78.805 78.805 67.947 78.805 78.805 67.947 78.805 78.805 67.947 78.805 78.805 67.947 78.805 78.805 67.947 78.805 78.805 67.947 78.805 78.805 67.947 78.805 78.805 67.947 78.805 78.805 67.947 78.805 78.805 61.830 61.830 0.000 0.000 54.927 61.830 61.830 0.000 0.000 54.927 61.830 61.830 0.000 0.000 54.927 61.830 61.830 0.000 0.000 54.927 61.830 61.830 0.000 0.000 54.927 61.830 61.830 0.000 0.000 54.927 61.830 61.830 0.000 0.000 54.927 61.830 61.830 0.000 0.000 54.927 61.830 61.830 0.000 0.000 54.927 61.830 61.830 0.000 0.000 54.927
21.907 65.470 65.470 21.907 65.470 65.470 21.907 65.470 65.470 21.907 65.470 65.470 21.907 65.470 65.470 21.907 65.470 65.470 21.907 65.470 65.470 21.907 65.470 65.470 21.907 65.470 65.470 21.907 65.470 65.470 64.874 64.874 54.927 54.927 0.000 64.874 64.874 54.927 54.927 0.000 64.874 64.874 54.927 54.927 0.000 64.874 64.874 54.927 54.927 0.000 64.874 64.874 54.927 54.927 0.000 64.874 64.874 54.927 54.927 0.000 64.874 64.874 54.927 54.927 0.000 64.874 64.874 54.927 54.927 0.000 64.874 64.874 54.927 54.927 0.000 64.874 64.874 54.927 54.927 0.000
73.052 87.609 87.609 73.052 87.609 87.609 73.052 87.609 87.609 73.052 87.609 87.609 73.052 87.609 87.609 73.052 87.609 87.609 73.052 87.609 87.609 73.052 87.609 87.609 73.052 87.609 87.609 73.052 87.609 87.609 0.000 0.000 61.830 61.830 64.874 0.000 0.000 61.830 61.830 64.874 0.000 0.000 61.830 61.830 64.874 0.000 0.000 61.830 61.830 64.874 0.000 0.000 61.830 61.830 64.874 0.000 0.000 61.830 61.830 64.874 0.000 0.000 61.830 61.830 64.874 0.000 0.000 61.830 61.830 64.874 0.000 0.000 61.830 61.830 64.874 0.000 0.000 61.830 61.830 64.874
73.052 87.609 87.609 73.052 87.609 87.609 73.052 87.609 87.609 73.052 87.609 87.609 73.052 87.609 87.609 73.052 87.609 87.609 73.052 87.609 87.609 73.052 87.609 87.609 73.052 87.609 87.609 73.052 87.609 87.609 0.000 0.000 61.830 61.830 64.874 0.000 0.000 61.830 61.830 64.874 0.000 0.000 61.830 61.830 64.874 0.000 0.000 61.830 61.830 64.874 0.000 0.000 61.830 61.830 64.874 0.000 0.000 61.830 61.830 64.874 0.000 0.000 61.830 61.830 64.874 0.000 0.000 61.830 61.830 64.874 0.000 0.000 61.830 61.830 64.874 0.000 0.000 61.830 61.830 64.874
67.947 78.805 78.805 67.947 78.805 78.805 67.947 78.805 78.805 67.947 78.805 78.805 67.947 78.805 78.805 67.947 78.805 78.805 67.947 78.805 78.805 67.947 78.805 78.805 67.947 78.805 78.805 67.947 78.805 78.805 61.830 61.830 0.000 0.000 54.927 61.830 61.830 0.000 0.000 54.927 61.830 61.830 0.000 0.000 54.927 61.830 61.830 0.000 0.000 54.927 61.830 61.830 0.000 0.000 54.927 61.830 61.830 0.000 0.000 54.927 61.830 61.830 0.000 0.000 54.927 61.830 61.830 0.000 0.000 54.927 61.830 61.830 0.000 0.000 54.927 61.830 61.830 0.000 0.000 54.927
67.947 78.805 78.805 67.947 78.805 78.805 67.947 78.805 78.805 67.947 78.805 78.805 67.947 78.805 78.805 67.947 78.805 78.805 67.947 78.805 78.805 67.947 78.805 78.805 67.947 78.805 78.805 67.947 78.805 78.805 61.830 61.830 0.000 0.000 54.927 61.830 61.830 0.000 0.000 54.927 61.830 61.830 0.000 0.000 54.927 61.830 61.830 0.000 0.000 54.927 61.830 61.830 0.000 0.000 54.927 61.830 61.830 0.000 0.000 54.927 61.830 61.830 0.000 0.000 54.927 61.830 61.830 0.000 0.000 54.927 61.830 61.830 0.000 0.000 54.927 61.830 61.830 0.000 0.000 54.927
21.907 65.470 65.470 21.907 65.470 65.470 21.907 65.470 65.470 21.907 65.470 65.470 21.907 65.470 65.470 21.907 65.470 65.470 21.907 65.470 65.470 21.907 65.470 65.470 21.907 65.470 65.470 21.907 65.470 65.470 64.874 64.874 54.927 54.927 0.000 64.874 64.874 54.927 54.927 0.000 64.874 64.874 54.927 54.927 0.000 64.874 64.874 54.927 54.927 0.000 64.874 64.874 54.927 54.927 0.000 64.874 64.874 54.927 54.927 0.000 64.874 64.874 54.927 54.927 0.000 64.874 64.874 54.927 54.927 0.000 64.874 64.874 54.927 54.927 0.000 64.874 64.874 54.927 54.927 0.000
73.052 87.609 87.609 73.052 87.609 87.609 73.052 87.609 87.609 73.052 87.609 87.609 73.052 87.609 87.609 73.052 87.609 87.609 73.052 87.609 87.609 73.052 87.609 87.609 73.052 87.609 87.609 73.052 87.609 87.609 0.000 0.000 61.830 61.830 64.874 0.000 0.000 61.830 61.830 64.874 0.000 0.000 61.830 61.830 64.874 0.000 0.000 61.830 61.830 64.874 0.000 0.000 61.830 61.830 64.874 0.000 0.000 61.830 61.830 64.874 0.000 0.000 61.830 61.830 64.874 0.000 0.000 61.830 61.830 64.874 0.000 0.000 61.830 61.830 64.874 0.000 0.000 61.830 61.830 64.874
73.052 87.609 87.609 73.052 87.609 87.609 73.052 87.609 87.609 73.052 87.609 87.609 73.052 87.609 87.609 73.052 87.609 87.609 73.052 87.609 87.609 73.052 87.609 87.609 73.052 87.609 87.609 73.052 87.609 87.609 0.000 0.000 61.830 61.830 64.874 0.000 0.000 61.830 61.830 64.874 0.000 0.000 61.830 61.830 64.874 0.000 0.000 61.830 61.830 64.874 0.000 0.000 61.830 61.830 64.874 0.000 0.000 61.830 61.830 64.874 0.000 0.000 61.830 61.830 64.874 0.000 0.000 61.830 61.830 64.874 0.000 0.000 61.830 61.830 64.874 0.000 0.000 61.830 61.830 64.874
67.947 78.805 78.805 67.947 78.805 78.805 67.947 78.805 78.805 67.947 78.805 78.805 67.947 78.805 78.805 67.947 78.805 78.805 67.947 78.805 78.805 67.947 78.805 78.805 67.947 78.805 78.805 67.947 78.805 78.805 61.830 61.830 0.000 0.000 54.927 61.830 61.830 0.000 0.000 54.927 61.830 61.830 0.000 0.000 54.927 61.830 61.830 0.000 0.000 54.927 61.830 61.830 0.000 0.000 54.927 61.830 61.830 0.000 0.000 54.927 61.830 61.830 0.000 0.000 54.927 61.830 61.830 0.000 0.000 54.927 61.830 61.830 0.000 0.000 54.927 61.830 61.830 0.000 0.000 54.927
67.947 78.805 78.805 67.947 78.805 78.805 67.947 78.805 78.805 67.947 78.805 78.805 67.947 78.805 78.805 67.947 78.805 78.805 67.947 78.805 78.805 67.947 78.805 78.805 67.947 78.805 78.805 67.947 78.805 78.805 61.830 61.830 0.000 0.000 54.927 61.830 61.830 0.000 0.000 54.927 61.830 61.830 0.000 0.000 54.927 61.830 61.830 0.000 0.000 54.927 61.830 61.830 0.000 0.000 54.927 61.830 61.830 0.000 0.000 54.927 61.830 61.830 0.000 0.000 54.927 61.830 61.830 0.000 0.000 54.927 61.830 61.830 0.000 0.000 54.927 61.830 61.830 0.000 0.000 54.927
21.907 65.470 65.470 21.907 65.470 65.470 21.907 65.470 65.470 21.907 65.470 65.470 21.907 65.470 65.470 21.907 65.470 65.470 21.907 65.470 65.470 21.907 65.470 65.470 21.907 65.470 65.470 21.907 65.470 65.470 64.874 64.874 54.927 54.927 0.000 64.874 64.874 54.927 54.927 0.000 64.874 64.874 54.927 54.927 0.000 64.874 64.874 54.927 54.927 0.000 64.874 64.874 54.927 54.927 0.000 64.874 64.874 54.927 54.927 0.000 64.874 64.874 54.927 54.927 0.000 64.874 64.874 54.927 54.927 0.000 64.874 64.874 54.927 54.927 0.000 64.874 64.874 54.927 54.927 0.000
73.052 87.609 87.609 73.052 87.609 87.609 73.052 87.609 87.609 73.052 87.609 87.609 73.052 87.609 87.609 73.052 87.609 87.609 73.052 87.609 87.609 73.052 87.609 87.609 73.052 87.609 87.609 73.052 87.609 87.609 0.000 0.000 61.830 61.830 64.874 0.000 0.000 61.830 61.830 64.874 0.000 0.000 61.830 61.830 64.874 0.000 0.000 61.830 61.830 64.874 0.000 0.000 61.830 61.830 64.874 0.000 0.000 61.830 61.830 64.874 0.000 0.000 61.830 61.830 64.874 0.000 0.000 61.830 61.830 64.874 0.000 0.000 61.830 61.830 64.874 0.000 0.000 61.830 61.830 64.874
73.052 87.609 87.609 73.052 87.609 87.609 73.052 87.609 87.609 73.052 87.609 87.609 73.052 87.609 87.609 73.052 87.609 87.609 73.052 87.609 87.609 73.052 87.609 87.609 73.052 87.609 87.609 73.052 87.609 87.609 0.000 0.000 61.830 61.830 64.874 0.000 0.000 61.830 61.830 64.874 0.000 0.000 61.830 61.830 64.874 0.000 0.000 61.830 61.830 64.874 0.000 0.000 61.830 61.830 64.874 0.000 0.000 61.830 61.830 64.874 0.000 0.000 61.830 61.830 64.874 0.000 0.000 61.830 61.830 64.874 0.000 0.000 61.830 61.830 64.874 0.000 0.000 61.830 61.830 64.874
67.947 78.805 78.805 67.947 78.805 78.805 67.947 78.805 78.805 67.947 78.805 78.805 67.947 78.805 78.805 67.947 78.805 78.805 67.947 78.805 78.805 67.947 78.805 78.805 67.947 78.805 78.805 67.947 78.805 78.805 61.830 61.830 0.000 0.000 54.927 61.830 61.830 0.000 0.000 54.927 61.830 61.830 0.000 0.000 54.927 61.830 61.830 0.000 0.000 54.927 61.830 61.830 0.000 0.000 54.927 61.830 61.830 0.000 0.000 54.927 61.830 61.830 0.000 0.000 54.927 61.830 61.830 0.000 0.000 54.927 61.830 61.830 0.000 0.000 54.927 61.830 61.830 0.000 0.000 54.927
67.947 78.805 78.805 67.947 78.805 78.805 67.947 78.805 78.805 67.947 78.805 78.805 67.947 78.805 78.805 67.947 78.805 78.805 67.947 78.805 78.805 67.947 78.805 78.805 67.947 78.805 78.805 67.947 78.805 78.805 61.830 61.830 0.000 0.000 54.927 61.830 61.830 0.000 0.000 54.927 61.830 61.830 0.000 0.000 54.927 61.830 61.830 0.000 0.000 54.927 61.830 61.830 0.000 0.000 54.927 61.830 61.830 0.000 0.000 54.927 61.830 61.830 0.000 0.000 54.927 61.830 61.830 0.000 0.000 54.927 61.830 61.830 0.000 0.000 54.927 61.830 61.830 0.000 0.000 54.927
21.907 65.470 65.470 21.907 65.470 65.470 21.907 65.470 65.470 21.907 65.470 65.470 21.907 65.470 65.470 21.907 65.470 65.470 21.907 65.470 65.470 21.907 65.470 65.470 21.907 65.470 65.470 21.907 65.470 65.470 64.874 64.874 54.927 54.927 0.000 64.874 64.874 54.927 54.927 0.000 64.874 64.874 54.927 54.927 0.000 64.874 64.874 54.927 54.927 0.000 64.874 64.874 54.927 54.927 0.000 64.874 64.874 54.927 54.927 0.000 64.874 64.874 54.927 54.927 0.000 64.874 64.874 54.927 54.927 0.000 64.874 64.874 54.927 54.927 0.000 64.874 64.874 54.927 54.927 0.000
73.052 87.609 87.609 73.052 87.609 87.609 73.052 87.609 87.609 73.052 87.609 87.609 73.052 87.609 87.609 73.052 87.609 87.609 73.052 87.609 87.609 73.052 87.609 87.609 73.052 87.609 87.609 73.052 87.609 87.609 0.000 0.000 61.830 61.830 64.874 0.000 0.000 61.830 61.830 64.874 0.000 0.000 61.830 61.830 64.874 0.000 0.000 61.830 61.830 64.874 0.000 0.000 61.830 61.830 64.874 0.000 0.000 61.830 61.830 64.874 0.000 0.000 61.830 61.830 64.874 0.000 0.000 61.830 61.830 64.874 0.000 0.000 61.830 61.830 64.874 0.000 0.000 61.830 61.830 64.874
73.052 87.609 87.609 73.052 87.609 87.609 73.052 87.609 87.609 73.052 87.609 87.609 73.052 87.609 87.609 73.052 87.609 87.609 73.052 87.609 87.609 73.052 87.609 87.609 73.052 87.609 87.609 73.052 87.609 87.609 0.000 0.000 61.830 61.830 64.874 0.000 0.000 61.830 61.830 64.874 0.000 0.000 61.830 61.830 64.874 0.000 0.000 61.830 61.830 64.874 0.000 0.000 61.830 61.830 64.874 0.000 0.000 61.830 61.830 64.874 0.000 0.000 61.830 61.830 64.874 0.000 0.000 61.830 61.830 64.874 0.000 0.000 61.830 61.830 64.874 0.000 0.000 61.830 61.830 64.874
67.947 78.805 78.805 67.947 78.805 78.805 67.947 78.805 78.805 67.947 78.805 78.805 67.947 78.805 78.805 67.947 78.805 78.805 67.947 78.805 78.805 67.947 78.805 78.805 67.947 78.805 78.805 67.947 78.805 78.805 61.830 61.830 0.000 0.000 54.927 61.830 61.830 0.000 0.000 54.927 61.830 61.830 0.000 0.000 54.927 61.830 61.830 0.000 0.000 54.927 61.830 61.830 0.000 0.000 54.927 61.830 61.830 0.000 0.000 54.927 61.830 61.830 0.000 0.000 54.927 61.830 61.830 0.000 0.000 54.927 61.830 61.830 0.000 0.000 54.927 61.830 61.830 0.000 0.000 54.927
67.947 78.805 78.805 67.947 78.805 78.805 67.947 78.805 78.805 67.947 78.805 78.805 67.947 78.805 78.805 67.947 78.805 78.805 67.947 78.805 78.805 67.947 78.805 78.805 67.947 78.805 78.805 67.947 78.805 78.805 61.830 61.830 0.000 0.000 54.927 61.830 61.830 0.000 0.000 54.927 61.830 61.830 0.000 0.000 54.927 61.830 61.830 0.000 0.000 54.927 61.830 61.830 0.000 0.000 54.927 61.830 61.830 0.000 0.000 54.927 61.830 61.830 0.000 0.000 54.927 61.830 61.830 0.000 0.000 54.927 61.830 61.830 0.000 0.000 54.927 61.830 61.830 0.000 0.000 54.927
21.907 65.470 65.470 21.907 65.470 65.470 21.907 65.470 65.470 21.907 65.470 65.470 21.907 65.470 65.470 21.907 65.470 65.470 21.907 65.470 65.470 21.907 65.470 65.470 21.907 65.470 65.470 21.907 65.470 65.470 64.874 64.874 54.927 54.927 0.000 64.874 64.874 54.927 54.927 0.000 64.874 64.874 54.927 54.927 0.000 64.874 64.874 54.927 54.927 0.000 64.874 64.874 54.927 54.927 0.000 64.874 64.874 54.927 54.927 0.000 64.874 64.874 54.927 54.927 0.000 64.874 64.874 54.927 54.927 0.000 64.874 64.874 54.927 54.927 0.000 64.874 64.874 54.927 54.927 0.000
73.052 87.609 87.609 73.052 87.609 87.609 73.052 87.609 87.609 73.052 87.609 87.609 73.052 87.609 87.609 73.052 87.609 87.609 73.052 87.609 87.609 73.052 87.609 87.609 73.052 87.609 87.609 73.052 87.609 87.609 0.000 0.000 61.830 61.830 64.874 0.000 0.000 61.830 61.830 64.874 0.000 0.000 61.830 61.830 64.874 0.000 0.000 61.830 61.830 64.874 0.000 0.000 61.830 61.830 64.874 0.000 0.000 61.830 61.830 64.874 0.000 0.000 61.830 61.830 64.874 0.000 0.000 61.830 61.830 64.874 0.000 0.000 61.830 61.830 64.874 0.000 0.000 61.830 61.830 64.874
73.052 87.609 87.609 73.052 87.609 87.609 73.052 87.609 87.609 73.052 87.609 87.609 73.052 87.609 87.609 73.052 87.609 87.609 73.052 87.609 87.609 73.052 87.609 87.609 73.052 87.609 87.609 73.052 87.609 87.609 0.000 0.000 61.830 61.830 64.874 0.000 0.000 61.830 61.830 64.874 0.000 0.000 61.830 61.830 64.874 0.000 0.000 61.830 61.830 64.874 0.000 0.000 61.830 61.830 64.874 0.000 0.000 61.830 61.830 64.874 0.000 0.000 61.830 61.830 64.874 0.000 0.000 61.830 61.830 64.874 0.000 0.000 61.830 61.830 64.874 0.000 0.000 61.830 61.830 64.874
67.947 78.805 78.805 67.947 78.805 78.805 67.947 78.805 78.805 67.947 78.805 78.805 67.947 78.805 78.805 67.947 78.805 78.805 67.947 78.805 78.805 67.947 78.805 78.805 67.947 78.805 78.805 67.947 78.805 78.805 61.830 61.830 0.000 0.000 54.927 61.830 61.830 0.000 0.000 54.927 61.830 61.830 0.000 0.000 54.927 61.830 61.830 0.000 0.000 54.927 61.830 61.830 0.000 0.000 54.927 61.830 61.830 0.000 0.000 54.927 61.830 61.830 0.000 0.000 54.927 61.830 61.830 0.000 0.000 54.927 61.830 61.830 0.000 0.000 54.927 61.830 61.830 0.000 0.000 54.927
67.947 78.805 78.805 67.947 78.805 78.805 67.947 78.805 78.805 67.947 78.805 78.805 67.947 78.805 78.805 67.947 78.805 78.805 67.947 78.805 78.805 67.947 78.805 78.805 67.947 78.805 78.805 67.947 78.805 78.805 61.830 61.830 0.000 0.000 54.927 61.830 61.830 0.000 0.000 54.927 61.830 61.830 0.000 0.000 54.927 61.830 61.830 0.000 0.000 54.927 61.830 61.830 0.000 0.000 54.927 61.830 61.830 0.000 0.000 54.927 61.830 61.830 0.000 0.000 54.927 61.830 61.830 0.000 0.000 54.927 61.830 61.830 0.000 0.000 54.927 61.830 61.830 0.000 0.000 54.927
21.907 65.470 65.470 21.907 65.470 65.470 21.907 65.470 65.470 21.907 65.470 65.470 21.907 65.470 65.470 21.907 65.470 65.470 21.907 65.470 65.470 21.907 65.470 65.470 21.907 65.470 65.470 21.907 65.470 65.470 64.874 64.874 54.927 54.927 0.000 64.874 64.874 54.927 54.927 0.000 64.874 64.874 54.927 54.927 0.000 64.874 64.874 54.927 54.927 0.000 64.874 64.874 54.927 54.927 0.000 64.874 64.874 54.927 54.927 0.000 64.874 64.874 54.927 54.927 0.000 64.874 64.874 54.927 54.927 0.000 64.874 64.874 54.927 54.927 0.000 64.874 64.874 54.927 54.927 0.000
73.052 87.609 87.609 73.052 87.609 87.609 73.052 87.609 87.609 73.052 87.609 87.609 73.052 87.609 87.609 73.052 87.609 87.609 73.052 87.609 87.609 73.052 87.609 87.609 73.052 87.609 87.609 73.052 87.609 87.609 0.000 0.000 61.830 61.830 64.874 0.000 0.000 61.830 61.830 64.874 0.000 0.000 61.830 61.830 64.874 0.000 0.000 61.830 61.830 64.874 0.000 0.000 61.830 61.830 64.874 0.000 0.000 61.830 61.830 64.874 0.000 0.000 61.830 61.830 64.874 0.000 0.000 61.830 61.830 64.874 0.000 0.000 61.830 61.830 64.874 0.000 0.000 61.830 61.830 64.874
73.052 87.609 87.609 73.052 87.609 87.609 73.052 87.609 87.609 73.052 87.609 87.609 73.052 87.609 87.609 73.052 87.609 87.609 73.052 87.609 87.609 73.052 87.609 87.609 73.052 87.609 87.609 73.052 87.609 87.609 0.000 0.000 61.830 61.830 64.874 0.000 0.000 61.830 61.830 64.874 0.000 0.000 61.830 61.830 64.874 0.000 0.000 61.830 61.830 64.874 0.000 0.000 61.830 61.830 64.874 0.000 0.000 61.830 61.830 64.874 0.000 0.000 61.830 61.830 64.874 0.000 0.000 61.830 61.830 64.874 0.000 0.000 61.830 61.830 64.874 0.000 0.000 61.830 61.830 64.874
67.947 78.805 78.805 67.947 78.805 78.805 67.947 78.805 78.805 67.947 78.805 78.805 67.947 78.805 78.805 67.947 78.805 78.805 67.947 78.805 78.805 67.947 78.805 78.805 67.947 78.805 78.805 67.947 78.805 78.805 61.830 61.830 0.000 0.000 54.927 61.830 61.830 0.000 0.000 54.927 61.830 61.830 0.000 0.000 54.927 61.830 61.830 0.000 0.000 54.927 61.830 61.830 0.000 0.000 54.927 61.830 61.830 0.000 0.000 54.927 61.830 61.830 0.000 0.000 54.927 61.830 61.830 0.000 0.000 54.927 61.830 61.830 0.000 0.000 54.927 61.830 61.830 0.000 0.000 54.927
67.947 78.805 78.805 67.947 78.805 78.805 67.947 78.805 78.805 67.947 78.805 78.805 67.947 78.805 78.805 67.947 78.805 78.805 67.947 78.805 78.805 67.947 78.805 78.805 67.947 78.805 78.805 67.947 78.805 78.805 61.830 61.830 0.000 0.000 54.927 61.830 61.830 0.000 0.000 54.927 61.830 61.830 0.000 0.000 54.927 61.830 61.830 0.000 0.000 54.927 61.830 61.830 0.000 0.000 54.927 61.830 61.830 0.000 0.000 54.927 61.830 61.830 0.000 0.000 54.927 61.830 61.830 0.000 0.000 54.927 61.830 61.830 0.000 0.000 54.927 61.830 61.830 0.000 0.000 54.927
21.907 65.470 65.470 21.907 65.470 65.470 21.907 65.470 65.470 21.907 65.470 65.470 21.907 65.470 65.470 21.907 65.470 65.470 21.907 65.470 65.470 21.907 65.470 65.470 21.907 65.470 65.470 21.907 65.470 65.470 64.874 64.874 54.927 54.927 0.000 64.874 64.874 54.927 54.927 0.000 64.874 64.874 54.927 54.927 0.000 64.874 64.874 54.927 54.927 0.000 64.874 64.874 54.927 54.927 0.000 64.874 64.874 54.927 54.927 0.000 64.874 64.874 54.927 54.927 0.000 64.874 64.874 54.927 54.927 0.000 64.874 64.874 54.927 54.927 0.000 64.874 64.874 54.927 54.927 0.000
73.052 87.609 87.609 73.052 87.609 87.609 73.052 87.609 87.609 73.052 87.609 87.609 73.052 87.609 87.609 73.052 87.609 87.609 73.052 87.609 87.609 73.052 87.609 87.609 73.052 87.609 87.609 73.052 87.609 87.609 0.000 0.000 61.830 61.830 64.874 0.000 0.000 61.830 61.830 64.874 0.000 0.000 61.830 61.830 64.874 0.000 0.000 61.830 61.830 64.874 0.000 0.000 61.830 61.830 64.874 0.000 0.000 61.830 61.830 64.874 0.000 0.000 61.830 61.830 64.874 0.000 0.000 61.830 61.830 64.874 0.000 0.000 61.830 61.830 64.874 0.000 0.000 61.830 61.830 64.874
73.052 87.609 87.609 73.052 87.609 87.609 73.052 87.609 87.609 73.052 87.609 87.609 73.052 87.609 87.609 73.052 87.609 87.609 73.052 87.609 87.609 73.052 87.609 87.609 73.052 87.609 87.609 73.052 87.609 87.609 0.000 0.000 61.830 61.830 64.874 0.000 0.000 61.830 61.830 64.874 0.000 0.000 61.830 61.830 64.874 0.000 0.000 61.830 61.830 64.874 0.000 0.000 61.830 61.830 64.874 0.000 0.000 61.830 61.830 64.874 0.000 0.000 61.830 61.830 64.874 0.000 0.000 61.830 61.830 64.874 0.000 0.000 61.830 61.830 64.874 0.000 0.000 61.830 61.830 64.874
67.947 78.805 78.805 67.947 78.805 78.805 67.947 78.805 78.805 67.947 78.805 78.805 67.947 78.805 78.805 67.947 78.805 78.805 67.947 78.805 78.805 67.947 78.805 78.805 67.947 78.805 78.805 67.947 78.805 78.805 61.830 61.830 0.000 0.000 54.927 61.830 61.830 0.000 0.000 54.927 61.830 61.830 0.000 0.000 54.927 61.830 61.830 0.000 0.000 54.927 61.830 61.830 0.000 0.000 54.927 61.830 61.830 0.000 0.000 54.927 61.830 61.830 0.000 0.000 54.927 61.830 61.830 0.000 0.000 54.927 61.830 61.830 0.000 0.000 54.927 61.830 61.830 0.000 0.000 54.927
67.947 78.805 78.805 67.947 78.805 78.805 67.947 78.805 78.805 67.947 78.805 78.805 67.947 78.805 78.805 67.947 78.805 78.805 67.947 78.805 78.805 67.947 78.805 78.805 67.947 78.805 78.805 67.947 78.805 78.805 61.830 61.830 0.000 0.000 54.927 61.830 61.830 0.000 0.000 54.927 61.830 61.830 0.000 0.000 54.927 61.830 61.830 0.000 0.000 54.927 61.830 61.830 0.000 0.000 54.927 61.830 61.830 0.000 0.000 54.927 61.830 61.830 0.000 0.000 54.927 61.830 61.830 0.000 0.000 54.927 61.830 61.830 0.000 0.000 54.927 61.830 61.830 0.000 0.000 54.927
21.907 65.470 65.470 21.907 65.470 65.470 21.907 65.470 65.470 21.907 65.470 65.470 21.907 65.470 65.470 21.907 65.470 65.470 21.907 65.470 65.470 21.907 65.470 65.470 21.907 65.470 65.470 21.907 65.470 65.470 64.874 64.874 54.927 54.927 0.000 64.874 64.874 54.927 54.927 0.000 64.874 64.874 54.927 54.927 0.000 64.874 64.874 54.927 54.927 0.000 64.874 64.874 54.927 54.927 0.000 64.874 64.874 54.927 54.927 0.000 64.874 64.874 54.927 54.927 0.000 64.874 64.874 54.927 54.927 0.000 64.874 64.874 54.927 54.927 0.000 64.874 64.874 54.927 54.927 0.000
